3.478179798471067e-258 585.9106916002854 0.1011276 0.0244329 0.50512538 -512.5081059878772 -0.24196597353496765
1.1685011797376992e-257 585.0493901493475 0.11035568 0.02488991 0.55417511 -572.1534411046853 -13.757250495600193
2.3132122319727526e-257 584.4495144882827 0.10508397 0.02455086 0.786974 -565.5872826803466 -19.46210746900093
9.205474831907836e-257 582.8054575144465 0.11568765 0.02498313 0.75895481 -569.3142437150258 -15.13527077325697
1.0788651918497138e-254 577.8701209180023 0.10367769 0.02380995 0.57545665 -562.0584523334214 -20.747005181025056
3.9038690943141235e-254 576.8948842841036 0.10542766 0.02019865 0.67886157 -570.2993847459697 -7.570736172032555
6.174608597237309e-254 576.727278455425 0.10769591 0.02003795 0.63711306 -569.0562025276245 -7.8386817564790725
7.619018365384279e-254 576.4788581262463 0.10462262 0.02031785 0.66889014 -567.444390168221 -9.282888287203896
8.640980625041476e-254 576.4562841144651 0.11785535 0.02460593 0.70562748 -569.6326809462248 -6.846177180021486
1.3411024911786041e-253 575.7260591569283 0.12392159 0.02484404 0.64275251 -560.6551843221725 -15.801099792292531
2.1579767190796874e-253 575.3973716443907 0.11656544 0.02444742 0.63011788 -556.881081369942 -18.844977786986316
2.951690663905072e-253 575.0919859852082 0.10070465 0.02308345 0.40463775 -561.4740140998462 -13.923357544544457
3.6022409405606134e-253 574.9752022098577 0.10264184 0.02330495 0.67742137 -572.4196880741277 -2.672297911080498
9.36841310049953e-253 573.6079356817913 0.10802676 0.02037775 0.84637967 -571.0737602329492 -3.9014419769084583
1.7852295179316894e-252 573.274386681789 0.10570045 0.02065586 0.83872088 -567.2350794872301 -6.37285619456123
2.982430750295198e-252 572.6467709494876 0.11230103 0.02014049 0.76201067 -568.8772118021952 -4.397174879593746
4.1755051049226085e-252 572.5054833637957 0.1013043 0.02159134 0.76657166 -564.2994889975703 -8.34728195191733
6.638881301053289e-252 571.8242241109456 0.10210536 0.02164293 0.88877479 -572.0712973315997 -0.43418603219602797
1.0145963791211405e-251 571.5571499272371 0.11611089 0.02405449 0.69257668 -571.4882606345174 -0.33596347642821334
1.8237202987745267e-251 570.7778188420046 0.1059906 0.0229645 0.83087384 -561.7765979635823 -9.780551963654817
2.652877812947553e-251 570.6590027390258 0.10443988 0.02263768 0.62509291 -568.6698655159993 -2.1079533260053567
3.0127654478594473e-251 570.5206503437616 0.10352796 0.02225475 0.51021848 -569.7574817690127 -0.9015209700131506
3.2588083215056326e-251 570.4934044330938 0.11103914 0.02051783 0.88642201 -570.3904358021766 -0.1302145415849948
3.6420853589967546e-251 570.3031177221492 0.10726918 0.02305693 0.79594404 -565.1613780280854 -5.332026405008422
4.165021091022874e-251 570.2140237307715 0.11124646 0.02052483 0.41865698 -567.7624145929568 -2.54070312919232
5.926490704944233e-251 569.6659033015457 0.10457638 0.02204563 0.6576837 -564.9315873954112 -5.282436335360339
8.312938737621299e-251 569.468777616283 0.1155148 0.02026075 0.62655758 -569.6643511594389 -0.0015521421067803331
1.0255161923009781e-250 569.2447889559846 0.10601721 0.02149021 0.45972584 -562.1555178575661 -7.313259758716856
1.685527011189766e-250 568.5701805898508 0.13446148 0.02476393 0.43654212 -568.5815557895775 -0.6632331664071841
5.1980561146872024e-250 567.2716073440668 0.10819779 0.02171723 0.4806081 -550.7792300295735 -17.79095056027736
8.324856710183594e-250 567.2297922375105 0.14299143 0.02499625 0.41280402 -567.0549928770546 -0.216614467012133
8.843369923235299e-250 567.1480018106963 0.11554581 0.02347288 0.89224802 -546.2986070334273 -20.931185204083235
1.731835796894512e-249 566.1290047540696 0.10990213 0.02173155 0.79907204 -562.1601589392777 -4.987842871418566
3.216912256023418e-249 565.7017425142501 0.13672103 0.02463218 0.50038931 -565.9323986254101 -0.1966061286595337
4.1469759685462054e-249 565.5757636861837 0.11067733 0.0216929 0.42741867 -549.5782535007147 -16.123489013535377
4.674521316577203e-249 565.4577655765603 0.12170085 0.02377146 0.50842807 -565.3229401137004 -0.2528235724832708
5.368966374101236e-249 565.2976721676372 0.14025444 0.02474428 0.84961841 -558.2091355526651 -7.248630023895205
8.111132656282373e-249 564.7078927747779 0.1115693 0.02198319 0.40398717 -547.7605623527182 -17.537109814918917
1.2747672507000499e-248 564.3377782152852 0.1203483 0.0205302 0.85263746 -564.7046901848432 -0.0032025899345949917
2.427180552195733e-248 563.5378069274326 0.14610655 0.02483449 0.85880195 -559.0931739249212 -5.244604290363956
5.431835605269045e-248 562.7268776033169 0.11820107 0.02101986 0.41440236 -544.8200562385084 -18.717750688924202
7.938544489690145e-248 562.6177935694365 0.13825182 0.02443748 0.89609659 -560.3632765182458 -2.363601085071125
9.185171512081362e-248 562.436401834575 0.14224836 0.02459903 0.6028181 -548.8081888901628 -13.80960467927364
1.1788521986425906e-247 562.1299049074674 0.12985553 0.02009545 0.52826127 -546.7194522647827 -15.716949569792247
1.486181928960988e-247 561.9534480386629 0.1158856 0.02216118 0.5823443 -553.3778198233697 -8.75208508409779
2.7012543951043956e-247 561.0999603175788 0.11929823 0.02125488 0.55351355 -561.9063489713708 -0.04709906729217958
4.6146407696647655e-247 560.7347416045933 0.12387077 0.02074255 0.48305702 -559.7166827712977 -1.3832775462812053
7.015227823066171e-247 560.2770280218944 0.11948708 0.02254257 0.83552136 -556.8786986179787 -3.856042986614576
9.785121758590526e-247 560.02864537132 0.49446005 0.02472476 0.81313069 -559.6317539175922 -0.6452741043022193
1.4820231213969934e-246 559.4971845969893 0.12896958 0.02355715 0.72537114 -542.7419530359609 -17.286692335359035
2.0923460303406073e-246 559.2771736822616 0.12234077 0.02124558 0.83559295 -553.9139053693316 -5.583279227657696
2.520506307846974e-246 559.1153070648096 0.48257682 0.02489774 0.72113357 -557.8600418258632 -1.4171318563984894
3.7115028287761667e-246 558.5669349671415 0.12436816 0.02111451 0.83494092 -539.5468059014898 -19.568501163319795
4.826668327321551e-246 558.5123618799074 0.48722415 0.02475865 0.56153854 -556.6295165859594 -1.9374183811821015
5.30623206919266e-246 558.3773003423779 0.12425881 0.0228632 0.86947523 -540.7898093021174 -17.72255257778998
1.1927144252748928e-245 557.2079286835274 0.12653474 0.02290886 0.85236226 -556.6972684637075 -1.6800318786704886
1.991290156827095e-245 557.0319454407052 0.47118514 0.02495891 0.51494819 -555.3410251493779 -1.866903534149511
2.2368281413644156e-245 556.964775645896 0.4698233 0.02497973 0.84853195 -536.622695982626 -20.40924945807916
2.4507357148881008e-245 556.8475938014426 0.13097074 0.0233377 0.52834584 -536.2653092516344 -20.69946639426156
2.83772603187319e-245 556.6718322800499 0.12529487 0.02252575 0.73451544 -552.7447358063657 -4.102857995076857
3.514413276100459e-245 556.4235207916815 0.15302726 0.02453361 0.40963261 -556.0674336475727 -0.6043986324772217
4.557349890076557e-245 556.1512055637886 0.12542023 0.02174082 0.548219 -541.493878674929 -14.929642116752607
5.210603835757236e-245 556.1332148891013 0.12536858 0.02176131 0.46492011 -555.967034614184 -0.18417094960469343
6.825318732463629e-245 555.6622004615439 0.12741292 0.02261464 0.86961933 -555.9750853039588 -0.15812958514244582
8.407386575230445e-245 555.6573231622768 0.1684292 0.02497274 0.68514276 -554.8266735702634 -0.8355268912804737
9.80795185946857e-245 555.370525980701 0.14245204 0.02009181 0.45345583 -535.0555820778259 -20.60174108445097
1.1377662803067083e-244 555.3362113320377 0.1264604 0.02202432 0.48837254 -546.5852702120711 -8.785255768629872
1.470931059796924e-244 554.8998155902442 0.49190645 0.02435251 0.79204969 -555.3361671891942 -4.4142843482802896e-05
2.084897250098238e-244 554.6084752528884 0.12998891 0.02127705 0.53934455 -542.0439534534926 -12.855862136751622
2.4743008623139643e-244 554.5335990887935 0.12833102 0.02169749 0.79136432 -553.3041786689986 -1.3042965838898444
2.6875179430578045e-244 554.4399493453733 0.49285649 0.02428537 0.56782906 -554.2878280171067 -0.24577107168678666
2.999822362007111e-244 554.311653447263 0.16648693 0.0248174 0.734659 -542.3135398823609 -12.126409463012356
3.369682823779895e-244 554.202298254583 0.14385514 0.02014932 0.89906852 -535.8204692400919 -18.491184207170992
3.921914981450977e-244 554.0103439420634 0.13437498 0.02086759 0.64788864 -545.9333265043417 -8.268971750241237
4.844007255332904e-244 553.7800139568538 0.13871951 0.02350766 0.705014 -550.8722074606634 -3.138136481400053
5.8490224035303657e-244 553.6222645296559 0.13688225 0.02334242 0.4917647 -548.5504912921159 -5.229522664737948
7.332980948580762e-244 553.3377563620254 0.17211281 0.02490805 0.47243271 -549.4899465332071 -4.132317996448794
9.010704604383005e-244 553.1913889458375 0.45359223 0.02498957 0.47862605 -533.6288262515219 -19.70893011050348
9.68915195006006e-244 553.1832386165926 0.47131555 0.02466571 0.74235965 -532.3540806752031 -20.837308270634384
1.0892012776555697e-243 552.9651931325988 0.16395904 0.02463273 0.71846729 -536.6430858762925 -16.540152740300055
1.467847706371817e-243 552.6032487742185 0.14667287 0.02016877 0.49218741 -536.8348388831037 -16.130354249495092
1.8980053084486405e-243 552.422745149011 0.4731152 0.0245665 0.70238627 -544.5052741966961 -8.097974577522423
2.0770213685532063e-243 552.4108908719671 0.13173843 0.02184577 0.71183027 -537.0998141989556 -15.322930950055348
2.558854649068312e-243 552.0363342158907 0.4593356 0.02480587 0.74183833 -552.3391589901371 -0.07173188183006488
3.2186390850073594e-243 551.9167972262399 0.13518779 0.02281644 0.56746981 -533.6972710723585 -18.339063143532297
3.85152349921041e-243 551.6833422256111 0.16010157 0.02438889 0.57060006 -550.4179294769339 -1.4988677493059657
4.768152349445602e-243 551.4823127878109 0.15609711 0.02421003 0.52974618 -538.4233084139215 -13.260033811689638
6.09068968904558e-243 551.1995741593807 0.16966783 0.02467164 0.8228362 -540.1490220026396 -11.33329078517126
7.05745270166851e-243 551.1640671762926 0.13374721 0.02205667 0.41343748 -534.5852320184562 -16.61434214092461
7.330669390859322e-243 551.1197878008016 0.49579726 0.0201821 0.42617011 -551.1608902946981 -0.0031768815945146323
1.0109798705136266e-242 550.5868781019718 0.14357133 0.023402 0.86606143 -543.1380607285384 -7.9817270722631655
1.4030837218635678e-242 550.3989313069771 0.15214366 0.02012619 0.50187084 -546.0738058921332 -4.513072209838558
1.6258239293079141e-242 550.2827520759987 0.13555691 0.02215093 0.79826401 -541.9241901650194 -8.474741141957807
3.034768406604034e-242 549.3523507858783 0.47082629 0.02434999 0.63125305 -550.242245009012 -0.04050706698667228
4.622145104566383e-242 549.2319043546164 0.16840034 0.02446781 0.81149516 -536.5242859450685 -12.828064840809839
5.07791361783463e-242 549.1580117221158 0.14502578 0.02074972 0.7590785 -535.0736171198015 -14.158287234814885
6.2086094331475685e-242 548.8483483547222 0.48021884 0.02406841 0.61217923 -545.3451339445395 -3.81287777757627
8.442969409281513e-242 548.539150077968 0.14656566 0.02331276 0.74562005 -538.9334091517351 -9.914939202987204
9.854083332414284e-242 548.5116316751559 0.48652458 0.0238497 0.58513253 -544.5901500391848 -3.9490000387832067
9.969784282703665e-242 548.5116187104252 0.15211422 0.02035509 0.678931 -540.6009173558342 -7.910714319321652
1.074324809320037e-241 548.363666125929 0.15093744 0.02359872 0.47051884 -541.9616746945283 -6.549944015896874
1.386815794991368e-241 548.0207707353493 0.14302871 0.02286474 0.68633347 -542.4743352354237 -5.8893308905052075
1.7448560462522238e-241 547.8763080632809 0.48545195 0.0238088 0.57722407 -546.3346084259202 -1.6861623094290736
1.9328863881511956e-241 547.8080419996396 0.47159393 0.02418693 0.76657142 -540.3153601032421 -7.560947960038803
2.2970916020374603e-241 547.5433526803314 0.15685351 0.02021486 0.84003856 -536.712585614999 -11.095456384640565
2.616175706824809e-241 547.5265130785632 0.14161579 0.02247142 0.63396231 -539.8435996698194 -7.699753010512057
3.273892355072152e-241 547.1298365962828 0.4939108 0.0206378 0.44626102 -547.0449948559402 -0.4815182226229341
3.989537049868814e-241 547.0884708132348 0.47028175 0.02414716 0.50357551 -542.6155059648237 -4.51433063145904
4.086849292980659e-241 547.0772460727767 0.14455624 0.02281807 0.6917105 -536.3965284434865 -10.691942369748261
4.347846943095677e-241 546.9638437350972 0.43576963 0.02482542 0.53352767 -545.5722530846683 -1.5049929881084225
4.6313974257523374e-241 546.9437816355934 0.48807987 0.02043605 0.62262286 -528.3665153967098 -18.597328338387317
6.574089587946499e-241 546.3469523579481 0.47628724 0.02390922 0.637745 -541.0154106931358 -5.928370942457628
8.579733883717792e-241 546.3196778413528 0.14451877 0.02257548 0.68879751 -537.9132522511816 -8.433700106766546
8.683117366765267e-241 546.3188151482389 0.46347462 0.02423586 0.45485836 -545.5905702160429 -0.7291076253099302
8.717539461276039e-241 546.3077991510651 0.48315819 0.02368928 0.42931301 -534.7166764716586 -11.602138676580232
8.976868646938887e-241 546.2568105104727 0.15891886 0.0237785 0.88839613 -539.7234815740363 -6.584317577028798
9.723097791846944e-241 546.1464881648025 0.18713344 0.02475249 0.7983253 -538.9497769378379 -7.307033572634809
1.1730924880299882e-240 545.8906443918294 0.47835403 0.02379567 0.83148982 -528.5035414779982 -17.64294668680429
1.3578288498410445e-240 545.8344741060329 0.47256652 0.02008165 0.85398173 -538.4402499882312 -7.4503944035981755
1.455808364770403e-240 545.7483642045521 0.47104424 0.02399053 0.80153695 -536.9564246681368 -8.878049437895996
1.6047482486775486e-240 545.6369173086697 0.14765819 0.02283521 0.82390389 -536.5730759385411 -9.175288266010986
1.6907471344896568e-240 545.636857437521 0.49672962 0.02299868 0.65636427 -544.0665875286728 -1.5703297799969027
2.0343561106168514e-240 545.2924178209416 0.45591182 0.02431174 0.78976414 -543.3736080533341 -2.263249384186933
2.5471436382002064e-240 545.1582571789473 0.14550262 0.02183201 0.48585047 -532.8820008801074 -12.410416940834278
2.720296349622884e-240 545.1523975266704 0.16061107 0.0203082 0.84560395 -545.0747532927271 -0.08350388622024588
2.7853066890044447e-240 545.107521682655 0.49439774 0.02302132 0.53807429 -538.228372286141 -6.924025240529281
2.9750714702794924e-240 545.0180773619275 0.49378071 0.02303843 0.55847621 -542.7383132462638 -2.3692084363911965
3.4177422163938905e-240 544.832682598534 0.14644222 0.02229252 0.87636091 -542.5672493663924 -2.4508279955350156
3.8225281406441633e-240 544.7822723446876 0.18068258 0.02447 0.59768152 -544.6571895192282 -0.17549307930590524
3.9474302177475503e-240 544.7638308455131 0.48787466 0.02075011 0.80259973 -530.5986748604075 -14.183597484280101
4.1741019473337305e-240 544.6687802365298 0.47708676 0.02035562 0.57275957 -540.9533099075871 -3.810520937925969
4.697646426820441e-240 544.5263215869761 0.46964466 0.02014562 0.70260742 -538.1230276022916 -6.545752634238134
5.184390692762335e-240 544.4635193700119 0.48252707 0.0205757 0.7027534 -536.2246004479773 -8.301721138998776
5.412770236953381e-240 544.4353210950067 0.15572849 0.02333692 0.79245094 -539.5343831756807 -4.929136194331283
5.613744045952168e-240 544.3869946610167 0.15032781 0.02120032 0.81387815 -540.3372843675699 -4.0980367274367655
6.019284176768247e-240 544.2934282365915 0.15961981 0.02356753 0.6280943 -542.7993965796176 -1.5875980813991617
6.594928526606947e-240 544.2003124325221 0.4526911 0.02427888 0.48707095 -538.6345018861647 -5.658926350426761
6.934208953272322e-240 544.1869777630956 0.49644279 0.02263539 0.70354186 -532.1432758366091 -12.057036595913019
7.735636066782678e-240 543.9874653507146 0.48597502 0.02324083 0.4650614 -543.2921191334204 -0.8948586296751146
8.816948780268499e-240 543.9127653100525 0.46309215 0.02003609 0.57271781 -540.4656832355138 -3.521782115200822
9.318228822234806e-240 543.8718987294636 0.43309066 0.02462835 0.59886492 -534.6123966696625 -9.300368640389923
9.630655195570307e-240 543.8426088996634 0.4455227 0.02439722 0.85508415 -527.7955717204733 -16.076327008990365
1.593086971911947e-239 543.0240898103018 0.48376078 0.02317745 0.74700022 -530.4891951275048 -13.353413772158715
2.3317092208613738e-239 542.9166262533544 0.16017137 0.02063967 0.85307531 -539.8584518953802 -3.1656379149216036
2.6381704160112878e-239 542.7752337273193 0.47940528 0.02071057 0.57431179 -538.4144815333423 -4.5021447200121525
2.8546229569926842e-239 542.7500863029894 0.477718 0.02339573 0.74621259 -538.7237225770955 -4.051511150223848
3.0033305013252988e-239 542.6710757496093 0.49218448 0.02154489 0.48773694 -538.2778758353696 -4.4722104676197345
3.3378394223297416e-239 542.5377658749851 0.47758901 0.02336805 0.77289522 -542.1376978185207 -0.5333779310885894
3.6473589763236363e-239 542.4859520049413 0.41544287 0.02479488 0.41355766 -538.2437346398968 -4.294031235088226
4.16819321736038e-239 542.2770322118698 0.46880712 0.02039347 0.5217702 -524.291406088134 -18.194545916807332
4.774366762331204e-239 542.2009531938814 0.18301472 0.02430865 0.66481206 -536.0256469632458 -6.251385248624101
5.1582254645964345e-239 542.1186211765554 0.15242401 0.0223962 0.45506964 -529.8240432184961 -12.376909975385393
5.402803594373102e-239 542.1026758199343 0.48959027 0.0225539 0.52981485 -541.784198408021 -0.3344227685343555
6.027407832549348e-239 541.9054703229067 0.47980973 0.02316274 0.78406873 -541.4291134635658 -0.6735623563684995
6.670113545178471e-239 541.8864240288374 0.45640868 0.0239576 0.48512783 -538.8198101559093 -3.085660166997347
6.958656153222289e-239 541.817859683407 0.40382063 0.02490373 0.82804215 -533.0151887012463 -8.871235327591034
7.916583858457544e-239 541.6319356859273 0.48203792 0.02105405 0.43619046 -522.1677786939256 -19.650080989481474
8.768027314411424e-239 541.6011667092446 0.15504533 0.02136759 0.44092057 -539.4271745866829 -2.2047610992444064
9.098954616921893e-239 541.5541599959323 0.15383804 0.02161684 0.61812542 -540.5953987287431 -1.005767980501466
9.613511822532391e-239 541.4877021825971 0.16726037 0.02361263 0.51854637 -541.1700911865265 -0.3840688094057332
1.0170410613337179e-238 541.437074761443 0.48435653 0.02278991 0.45642722 -535.4941204589805 -5.993581723616505
1.0504367148751533e-238 541.4185343860656 0.40704166 0.0248318 0.66197254 -540.0363932121915 -1.4006815492515625
1.0908366207197259e-238 541.3584182772906 0.39594348 0.02496587 0.54020766 -522.7365881984865 -18.681946187579143
1.1697874771933047e-238 541.2755951668742 0.48637433 0.02146676 0.77255659 -520.8523789159254 -20.506039361365154
1.2230187857249329e-238 541.2637427088482 0.17180356 0.02380089 0.68432569 -540.5523652903358 -0.723229876538339
1.2532526879395201e-238 541.2231360288927 0.45371863 0.02395565 0.70130818 -533.7694579755408 -7.494284733307407
1.2961987962035119e-238 541.1921866499553 0.48120012 0.02109802 0.76992349 -532.3697956561464 -8.853340372746281
1.3669475914416677e-238 541.1141347257187 0.4508758 0.02002484 0.7813124 -539.1835724390169 -2.0086142109383407
1.592054104235825e-238 540.893881711255 0.48151062 0.02119315 0.51932608 -531.7080655099454 -9.406069215773277
1.8118741030241318e-238 540.8400854233972 0.15604385 0.02149995 0.86665502 -539.2783908234975 -1.6154908877574279
1.865419009261397e-238 540.8309352701302 0.4873714 0.02194954 0.77026127 -540.2010301522482 -0.6390552711489711
1.9830907804525673e-238 540.7169717897075 0.48250639 0.02131167 0.64591195 -540.8192024876929 -0.011732782437330891
2.2053282044037953e-238 540.613908981774 0.47594502 0.0209381 0.40964851 -539.5314157582284 -1.1855560314791427
2.321727475249683e-238 540.6074615323186 0.15656968 0.02253936 0.88829317 -537.8480561696647 -2.7658528121092663
2.3616331243333572e-238 540.5760652622878 0.16778712 0.02351375 0.65790536 -539.9700810813409 -0.63738045097762
2.6897374515762195e-238 540.3552084261337 0.18696598 0.02425687 0.48464608 -535.3036186268938 -5.27244663539397
3.406279542741766e-238 540.1033605078758 0.15939076 0.02278164 0.63275793 -528.5320377185874 -11.823170707546304
3.8434819303934934e-238 540.0939035540358 0.17664959 0.02016792 0.52586944 -538.7326141420815 -1.3707463657942756
3.881117553643889e-238 540.0799022866158 0.16963069 0.02049356 0.51480518 -531.9885397575854 -8.105363796450439
3.9717758482414894e-238 540.0440004186298 0.15640715 0.02205193 0.88837469 -534.5741753486461 -5.505726937969716
4.31387980529349e-238 539.9145234601845 0.21019609 0.02475807 0.82211116 -540.0415919944891 -0.0024084241407028107
4.635793364824567e-238 539.8920037157333 0.16204477 0.02299944 0.77585708 -522.1994905211014 -17.715032939082967
4.774110256433897e-238 539.852000176486 0.47098164 0.02083906 0.83175498 -537.6252262847868 -2.2667774309465085
5.0339552792600444e-238 539.7828075522274 0.42365688 0.02444658 0.56024137 -536.5566066175817 -3.2953935589042307
5.2753322193024376e-238 539.7533530995772 0.48166969 0.02245523 0.8052927 -525.8690648932852 -13.91374265894216
5.479165401924849e-238 539.7033962540792 0.16005511 0.0227514 0.54479688 -539.3057565878877 -0.4475965116895075
5.668676954540571e-238 539.6808543517324 0.45114651 0.02384848 0.54334939 -538.4393520358404 -1.2640442182387135
5.795603273674733e-238 539.6551507322521 0.1838215 0.02408637 0.79943446 -531.7806991429441 -7.900155208788288
6.290351322659201e-238 539.5175857858375 0.16847996 0.02064412 0.85601112 -529.565643335103 -10.08950739714909
6.857237080831733e-238 539.4743200105735 0.44315897 0.02001371 0.80301967 -535.0444296126084 -4.473156173229067
7.995643494205971e-238 539.2218326876776 0.16214619 0.02285213 0.8295836 -529.9629594389535 -9.511360571620033
9.127095973914715e-238 539.1899808447035 0.45112169 0.02379112 0.50875042 -537.5856169356895 -1.6362157519881781
9.639463512951226e-238 539.109948166268 0.21538118 0.02478631 0.74797383 -531.7777588864975 -7.4122219582060165
1.0561798984742377e-237 539.0044108638331 0.19126705 0.02425151 0.88891118 -521.0275131566657 -18.082435009602378
1.1353914614345148e-237 538.9590454581305 0.46668399 0.02081079 0.46562137 -527.2378134204708 -11.766597443362217
1.1895093125675086e-237 538.9074393448847 0.19823056 0.02442526 0.76363707 -535.5039630463558 -3.455082411774686
1.2501020119515555e-237 538.8556847334926 0.4628299 0.02066937 0.63217515 -525.2371666560437 -13.670272688840969
1.3482075068174884e-237 538.7542436886498 0.4740613 0.02279202 0.59129724 -534.5451797143731 -4.31050501911941
1.562041784581039e-237 538.5637406920391 0.19863608 0.02440478 0.7373615 -537.345906466042 -1.4083372226078044
1.745733876757615e-237 538.5193193447144 0.47356704 0.02127996 0.52209526 -525.1251976857296 -13.438543006309544
1.8017010642838243e-237 538.4962717534504 0.47588373 0.02255452 0.48564128 -537.2252336692457 -1.2940856754687384
1.8326476817974157e-237 538.4811864603981 0.21907675 0.02479785 0.81790816 -537.8211413985592 -0.6751303548911143
1.912570433659161e-237 538.4081783624455 0.46723297 0.02310482 0.61850801 -520.2476067151597 -18.23357974523839
2.0158986471685147e-237 538.3709703727318 0.42627486 0.02427156 0.5887051 -535.6273962943 -2.780782068145571
2.1941944338794635e-237 538.2387066965184 0.47741158 0.02213499 0.56452935 -526.3919549593861 -11.979015413345705
2.485397466901886e-237 538.1170657537886 0.16475773 0.02118918 0.49396609 -538.2074598026668 -0.03124689385158656
2.7333791908672204e-237 538.0422025391393 0.16163318 0.02234768 0.65488781 -536.4859941517004 -1.6310716020881155
2.919480148407925e-237 537.9808752103962 0.17040557 0.02077227 0.7854286 -537.7884833282017 -0.2537192109376589
3.0100085573714606e-237 537.9761971864373 0.45775028 0.02061668 0.63424201 -534.3021918927717 -3.678683317624468
3.075498981799375e-237 537.9342648092404 0.448273 0.02032209 0.54475608 -533.3228274167823 -4.653369769655025
3.1792848075079293e-237 537.9055889817756 0.4664583 0.02099836 0.55941579 -531.1221598067924 -6.8121050024480185
3.2194838798938604e-237 537.9049337569904 0.47272252 0.02263128 0.42925294 -535.4392835765316 -2.4663054052439874
3.359137525053864e-237 537.8185322133944 0.46542566 0.02307727 0.70716248 -537.0219954271797 -0.8829383298107395
3.8304152354273355e-237 537.6440918369894 0.23289652 0.02492607 0.60921548 -535.1771859398974 -2.6413462734969757
4.355407147042401e-237 537.5521607949356 0.38976621 0.02475589 0.87143386 -517.6884323088462 -19.95565952814319
4.5665053579053163e-237 537.5433429348129 0.455665 0.02343357 0.89254469 -519.865274650989 -17.68688614394659
4.5804845713726514e-237 537.5420326328646 0.17413452 0.02342244 0.5380976 -532.8217332313889 -4.721609703424026
4.7236277527928617e-237 537.4788012808878 0.21516713 0.02465487 0.74425679 -532.8944785986794 -4.64755403418518
5.238738665233628e-237 537.3351821126387 0.46639423 0.02291762 0.47418848 -521.0739938252104 -16.40480745567735
5.739704297284062e-237 537.2875659828292 0.20614493 0.02446465 0.606212 -535.4312847698135 -1.9038973428251451
5.928393596968074e-237 537.266043955702 0.45657247 0.02335728 0.71046053 -523.1658853941794 -14.121680588649761
6.024596985487834e-237 537.25131381465 0.45731485 0.02071432 0.56917614 -533.0403445817908 -4.225699373911238
6.246683668345459e-237 537.1905173700558 0.46198882 0.02092079 0.78671221 -533.2229542006518 -4.028359613998154
6.625004851089173e-237 537.1297171359797 0.43879007 0.02387368 0.63461471 -534.3354624437738 -2.8550549262819684
7.267617972733643e-237 537.0043679135845 0.47245582 0.02184079 0.84916136 -529.010297636166 -8.119419499813674
7.937468256574593e-237 536.9463066931207 0.47189444 0.02227956 0.81966712 -536.9284813582593 -0.07588655532517649
8.274028749979304e-237 536.9166941130326 0.37954299 0.02482194 0.79930241 -536.7871140003112 -0.15919269280950574
8.962013069188601e-237 536.7865745953443 0.4710661 0.02173718 0.4695779 -518.3655576209106 -18.55113649212192
1.0590022335339187e-236 536.5847950547357 0.19198943 0.02403248 0.67539608 -536.5975745013109 -0.18900009403343956
1.1767232229931516e-236 536.5617370398704 0.44171267 0.02031092 0.47399622 -527.0147086886667 -9.570086366068978
1.2007594426369022e-236 536.5403394375207 0.2404476 0.02492975 0.78736374 -529.6596482349516 -6.902088804918829
1.224945096674659e-236 536.5178692006724 0.46939304 0.02240793 0.68552938 -516.5341082848563 -20.006231152664412
1.2458662857367564e-236 536.5024068259523 0.17211797 0.02312078 0.54780771 -536.1622732133775 -0.3555959872948987
1.274038508547727e-236 536.4693649862736 0.45129406 0.02061806 0.44027224 -533.6391947240571 -2.8632121018951673
1.3469330942131758e-236 536.3884955286358 0.16914106 0.02284952 0.51722807 -531.8251225513069 -4.644242434966738
1.5649269516548767e-236 536.1750814653155 0.38820115 0.02466629 0.7427319 -534.7625530219341 -1.6259425067016393
1.7342337318267787e-236 536.1676952823849 0.16579178 0.02218546 0.86754181 -519.6277640644221 -16.54731740089342
1.7433449957245725e-236 536.1606043586125 0.46832556 0.02168715 0.62003594 -536.1030058299199 -0.06468945246503435
1.7553411660001948e-236 536.1499997102716 0.38375655 0.02471573 0.44699461 -535.8988167860667 -0.2617875725457828
1.8139894198158227e-236 536.0916992842743 0.39000129 0.02463728 0.6705002 -518.978501106259 -17.17149860401251
1.8734209981667894e-236 536.0807089845487 0.17997015 0.02350939 0.57663137 -519.9050778644058 -16.186621419868548
2.201569857063616e-236 535.7864356070141 0.4662526 0.02243248 0.62684653 -530.8390047172118 -5.241704267336875
2.5437171966235647e-236 535.7663308945375 0.24945693 0.02495894 0.73247313 -535.3844038135824 -0.4020317934317822
2.61280431602897e-236 535.7290900129809 0.18115208 0.02351418 0.84785154 -515.3566851634246 -20.409645731112906
2.6706284911748414e-236 535.7182381499123 0.21463301 0.02449926 0.8646974 -530.4536235206759 -5.275466492305018
2.7165194588904875e-236 535.69117246818 0.34976539 0.0249866 0.63367614 -521.1938176595038 -14.524420490408518
2.8186108587410903e-236 535.640905224656 0.46604732 0.0216568 0.74147228 -514.8955563950561 -20.795616073123778
2.9125759542940716e-236 535.6210558542047 0.17260667 0.02106081 0.4814161 -535.3292044706035 -0.3117007540524921
3.1689693544527022e-236 535.4735111278111 0.17910267 0.02066658 0.6815564 -533.4470485672927 -2.17400728691196
3.45465674047917e-236 535.4392819308634 0.44262322 0.0235584 0.7039427 -531.145213823049 -4.328297304762171
3.7923473134472215e-236 535.2883851531107 0.18517954 0.02040475 0.7544148 -529.8469506815322 -5.59233124933119
4.123721256075339e-236 535.2622282952746 0.46037646 0.02128017 0.43159196 -529.1233873597249 -6.1649977933857105
4.445445606914275e-236 535.1378357148533 0.44220749 0.02051326 0.43550678 -533.9688814135096 -1.293346881764923
4.762389480295849e-236 535.1167388285505 0.39026822 0.02455391 0.72899932 -529.7733253296741 -5.3645103851792335
4.988094951460172e-236 535.0424970275101 0.23459098 0.02475133 0.61314876 -519.9450119259109 -15.171726902639634
5.3936561158553064e-236 534.9568592630368 0.19662753 0.02400083 0.89956717 -517.4144629669895 -17.628034060520573
5.701816460327423e-236 534.9257868264158 0.25997614 0.02497784 0.61305427 -525.6854158704689 -9.27144339256792
6.027339919745899e-236 534.8432812608079 0.43807836 0.02042749 0.83342793 -514.2528239180032 -20.672962908412604
6.290984107392605e-236 534.834485369457 0.17528553 0.0210229 0.60778181 -528.8506248005161 -5.992656460291778
6.43610706263186e-236 534.7940617047415 0.44517052 0.02338156 0.71581676 -532.4852118235705 -2.349273545886501
6.649087206974334e-236 534.7651779953312 0.25621196 0.02494002 0.80711536 -530.4135509080759 -4.3805107966655745
6.991503299365859e-236 534.6908075337963 0.43525559 0.02037024 0.50165646 -514.6173907420222 -20.147787253309087
7.2403839723367245e-236 534.689842515109 0.35252744 0.02489464 0.46603833 -528.2595329466052 -6.431274587191048
7.337793951040494e-236 534.660301444481 0.23705842 0.02475178 0.53733199 -515.1635390466395 -19.5263034684696
7.593368817383622e-236 534.6176097661136 0.17419616 0.02116144 0.56874266 -517.0264586062183 -17.63384283826265
8.093119793558217e-236 534.5302780310154 0.20678063 0.02422738 0.77479377 -532.8758020688465 -1.741807697267102
8.866401175862028e-236 534.4316301409935 0.17212525 0.02144764 0.85569871 -523.0167254408204 -11.51355259019501
