1 715.1647186271814 0.1919538716265869 0.021338704379878514 0.5265897061517959 -0.5570902856649456
1 2935.9201568721433 0.29130264115461535 0.024865578819896855 0.6271206263250121 -0.947959368726773
1 329.2837493734182 0.170140019922101 0.02468327293856247 0.7888212311479561 -0.8908689943330118
1 355.0968809526494 0.08112714556288608 0.021163954431805153 0.46060085764583747 -1.2220263968899079
1 298.7309793985973 0.14919827991831353 0.022771088452160897 0.7220953308010323 -1.4559803509269729
1 1866.0037913101942 0.49528550778646785 0.02337320350680927 0.8933788653231725 -0.7431685072796381
1 1207.7560443400962 0.2398648188583717 0.020148986097190354 0.531182784882162 -1.265252437031523
1 277.5575275080277 0.14919827991831353 0.022946328419379543 0.8856582740066961 -1.493501240321939
1 627.5469366122707 0.23297468640846036 0.02468327293856247 0.7888212311479561 -0.8908689943330118
1 14365.460683273128 0.4156447359963826 0.020148986097190354 0.531182784882162 -0.9946447118966376
1 336.7157300965902 0.08864154517367606 0.023595731101369685 0.6221085802701296 -1.2904929692285123
1 16718.474597616132 0.4017508050081822 0.021862257801495064 0.49804149625715705 -1.120544558242352
1 4089.851939301812 0.2933972537893611 0.024343925707309765 0.5131511062438487 -0.947959368726773
1 551.1329869190093 0.19032032897765983 0.021338704379878514 0.6094544661123245 -0.5570902856649456
1 381.61078621667974 0.05043936786729408 0.024407378548282486 0.6427619579474605 -0.9491532955723254
1 3087.7152071857313 0.48890966374248923 0.021188580066831456 0.7741463716457279 -0.9538646042849436
1 406.8011990111275 0.055432516792629956 0.02170839895728497 0.7890905924569322 -0.9550585193967833
1 626.1574965496914 0.23490890277257825 0.023853481857484437 0.7896613010087008 -0.8908689943330118
1 400.3381898506282 0.12701239168914363 0.02364563398975175 0.49804149625715705 -1.120544558242352
2 2590.7139013556543 0.29130264115461535 0.023674639857770362 0.6271206263250121 -1.3910698215132462
2 416.32012665446223 0.12701239168914363 0.024731562450818957 0.49804149625715705 -1.090108775629412
2 406.8011990111275 0.055432516792629956 0.02170839895728497 0.7890905924569322 -0.9550585193967833
2 1866.0037913101942 0.49528550778646785 0.02337320350680927 0.8933788653231725 -0.7431685072796381
2 329.2837493734182 0.170140019922101 0.02468327293856247 0.7888212311479561 -0.8908689943330118
2 329.2837493734182 0.170140019922101 0.02468327293856247 0.7888212311479561 -0.8908689943330118
2 308.33768297723077 0.11397146475378918 0.022946328419379543 0.8856582740066961 -1.493501240321939
2 277.5575275080277 0.14919827991831353 0.022946328419379543 0.8856582740066961 -1.493501240321939
2 347.58538115161366 0.05411865058170813 0.021163954431805153 0.46060085764583747 -1.2220263968899079
2 277.4784066407382 0.17361653751888767 0.022946328419379543 0.8856582740066961 -1.493501240321939
2 277.5575275080277 0.14919827991831353 0.022946328419379543 0.8856582740066961 -1.493501240321939
2 277.5575275080277 0.14919827991831353 0.022946328419379543 0.8856582740066961 -1.493501240321939
2 400.3381898506282 0.12701239168914363 0.02364563398975175 0.49804149625715705 -1.120544558242352
2 400.3381898506282 0.12701239168914363 0.02364563398975175 0.49804149625715705 -1.120544558242352
2 336.7157300965902 0.08864154517367606 0.023595731101369685 0.6221085802701296 -1.2904929692285123
2 344.79388606004864 0.08864154517367606 0.02459381161900929 0.6221085802701296 -0.9186798718544212
2 277.9526012214588 0.14919827991831353 0.022946328419379543 0.8758026560328406 -1.4947039903585198
2 296.7981652067244 0.14919827991831353 0.022771088452160897 0.7293800397840853 -1.447021128420262
2 381.61078621667974 0.05043936786729408 0.024407378548282486 0.6427619579474605 -0.9491532955723254
3 277.5575275080277 0.14919827991831353 0.022946328419379543 0.8856582740066961 -1.493501240321939
3 2583.743808746332 0.3104466994106063 0.022946328419379543 0.8856582740066961 -1.493501240321939
3 277.8107857565631 0.14919827991831353 0.022946328419379543 0.8856582740066961 -1.395238639924843
3 347.70502738105307 0.05411865058170813 0.021163954431805153 0.46060085764583747 -1.3073039255921226
3 277.55724255721185 0.14919827991831353 0.022946328419379543 0.8856582740066961 -1.4936296388732329
3 277.95292514811035 0.14919827991831353 0.022946328419379543 0.8758026560328406 -1.4945743606832813
3 8688.899323122001 0.3855744630147927 0.022946328419379543 0.8856582740066961 -1.493501240321939
3 589.5275444958104 0.24424758871156788 0.02337320350680927 0.8933788653231725 -0.7431685072796381
3 310.8939482338301 0.17272892104571824 0.02144712832013773 0.7888212311479561 -0.9042261153821998
3 353.3645458988589 0.06651889824479468 0.024229837886550677 0.46060085764583747 -1.2066324962812343
3 334.81345497223606 0.12701239168914363 0.024731562450818957 0.6213831916398554 -1.090108775629412
3 289.53534164222395 0.14919827991831353 0.022946328419379543 0.7633356896343244 -1.493501240321939
3 277.5575275080277 0.14919827991831353 0.022946328419379543 0.8856582740066961 -1.493501240321939
3 277.5575275080277 0.14919827991831353 0.022946328419379543 0.8856582740066961 -1.493501240321939
3 533.0151771539182 0.1986238858570762 0.022946328419379543 0.6560258653570847 -0.8974504051568131
3 423.7812259103399 0.06456101218894558 0.024407378548282486 0.858958303562258 -1.45380798486982
3 402.1000942050193 0.20965840206876285 0.02280469147708668 0.797374702717617 -1.493501240321939
3 370.79712637038995 0.12701239168914363 0.023776406859350625 0.5340645834270069 -1.120544558242352
3 277.9526012214588 0.14919827991831353 0.022946328419379543 0.8758026560328406 -1.4947039903585198
4 277.5575275080277 0.14919827991831353 0.022946328419379543 0.8856582740066961 -1.493501240321939
4 277.5575275080277 0.14919827991831353 0.022946328419379543 0.8856582740066961 -1.493501240321939
4 289.53534164222395 0.14919827991831353 0.022946328419379543 0.7633356896343244 -1.493501240321939
4 276.2330805423615 0.14919827991831353 0.022946328419379543 0.9449637174883815 -1.493501240321939
4 370.79712637038995 0.12701239168914363 0.023776406859350625 0.5340645834270069 -1.120544558242352
4 277.4784066407382 0.17361653751888767 0.022946328419379543 0.8856582740066961 -1.493501240321939
4 344.81409624716525 0.09979368972039439 0.024407378548282486 0.8563546393270437 -1.45380798486982
4 306.66832234446593 0.11518768511601943 0.022946328419379543 0.8881874273472419 -1.493501240321939
4 277.5575275080277 0.14919827991831353 0.022946328419379543 0.8856582740066961 -1.493501240321939
4 277.5575275080277 0.14919827991831353 0.022946328419379543 0.8856582740066961 -1.493501240321939
4 277.5575275080277 0.14919827991831353 0.022946328419379543 0.8856582740066961 -1.493501240321939
4 277.55724255721185 0.14919827991831353 0.022946328419379543 0.8856582740066961 -1.4936296388732329
4 272.83504486521144 0.16814532771995513 0.022946328419379543 0.8856582740066961 -1.493501240321939
4 278.86562439615375 0.15468756603600825 0.022946328419379543 0.8856582740066961 -1.493501240321939
4 277.9526012214588 0.14919827991831353 0.022946328419379543 0.8758026560328406 -1.4947039903585198
4 277.5575275080277 0.14919827991831353 0.022946328419379543 0.8856582740066961 -1.493501240321939
4 277.69811328155737 0.14919827991831353 0.022946328419379543 0.881846730867766 -1.4936296388732329
4 276.3705844647055 0.14919827991831353 0.022946328419379543 0.9689296081231212 -1.4949563530079366
4 310.8939482338301 0.17272892104571824 0.02144712832013773 0.7888212311479561 -0.9042261153821998
5 275.4057046333821 0.17195428127458126 0.022946328419379543 0.8856582740066961 -1.493501240321939
5 277.1038653868554 0.1454553365600046 0.022946328419379543 0.8856582740066961 -1.493501240321939
5 279.541331865281 0.15545524072142616 0.022946328419379543 0.8856582740066961 -1.493501240321939
5 272.5989588708329 0.16737558799626556 0.022946328419379543 0.8856582740066961 -1.493501240321939
5 277.55744885120083 0.14919827991831353 0.022946328419379543 0.8856582740066961 -1.4935366533829089
5 1462.8655821225177 0.22411972010801534 0.021328946313815985 0.40784904951949713 -1.493594225095898
5 275.0283207577045 0.15935980956774565 0.022946328419379543 0.8856582740066961 -1.493501240321939
5 615.7390565568064 0.2613081437906978 0.022946328419379543 0.9689296081231212 -1.4949563530079366
5 303.3187259206093 0.14919827991831353 0.022946328419379543 0.708915309193411 -1.4935051832643595
5 276.5177719611999 0.14919827991831353 0.022946328419379543 0.9224775950920656 -1.4936256944312918
5 277.55529701515985 0.14919827991831353 0.022946328419379543 0.8856582740066961 -1.4945077336136383
5 276.37099713712337 0.14919827991831353 0.022946328419379543 0.9689296081231212 -1.4939487448320792
5 277.5575275080277 0.14919827991831353 0.022946328419379543 0.8856582740066961 -1.493501240321939
5 277.5575275080277 0.14919827991831353 0.022946328419379543 0.8856582740066961 -1.493501240321939
5 277.5575275080277 0.14919827991831353 0.022946328419379543 0.8856582740066961 -1.493501240321939
5 272.83504486521144 0.16814532771995513 0.022946328419379543 0.8856582740066961 -1.493501240321939
5 277.5575275080277 0.14919827991831353 0.022946328419379543 0.8856582740066961 -1.493501240321939
5 277.55724255721185 0.14919827991831353 0.022946328419379543 0.8856582740066961 -1.4936296388732329
5 323.60324297629023 0.1138476202022206 0.022946328419379543 0.9689296081231212 -1.4949563530079366
6 266.58375267272993 0.16737558799626556 0.022946328419379543 0.9271124676721246 -1.493501240321939
6 277.74886948820694 0.14919827991831353 0.022946328419379543 0.8805656046385401 -1.4936256944312918
6 277.5575275080277 0.14919827991831353 0.022946328419379543 0.8856582740066961 -1.493501240321939
6 272.83504486521144 0.16814532771995513 0.022946328419379543 0.8856582740066961 -1.493501240321939
6 270.711360810155 0.16618396797795604 0.022946328419379543 0.8963601214214421 -1.493501240321939
6 279.4217599281682 0.1511724811756145 0.022946328419379543 0.8856582740066961 -1.493501240321939
6 277.55529701515985 0.14919827991831353 0.022946328419379543 0.8856582740066961 -1.4945077336136383
6 272.83504486521144 0.16814532771995513 0.022946328419379543 0.8856582740066961 -1.493501240321939
6 274.29260942573757 0.17195428127458126 0.022946328419379543 0.8919329506415492 -1.493501240321939
6 321.6630835230642 0.1138476202022206 0.022946328419379543 0.9596766960744164 -1.4949563530079366
6 275.4057046333821 0.17195428127458126 0.022946328419379543 0.8856582740066961 -1.493501240321939
6 303.3187259206093 0.14919827991831353 0.022946328419379543 0.708915309193411 -1.4935051832643595
6 277.1038653868554 0.1454553365600046 0.022946328419379543 0.8856582740066961 -1.493501240321939
6 272.83504486521144 0.16814532771995513 0.022946328419379543 0.8856582740066961 -1.493501240321939
6 277.0208008243921 0.14919827991831353 0.022946328419379543 0.9038974795364723 -1.493501240321939
6 322.09288574311637 0.1138476202022206 0.022946328419379543 0.9764111427863554 -1.2095206584923477
6 272.83504486521144 0.16814532771995513 0.022946328419379543 0.8856582740066961 -1.493501240321939
6 272.83504486521144 0.16814532771995513 0.022946328419379543 0.8856582740066961 -1.493501240321939
6 276.37099713712337 0.14919827991831353 0.022946328419379543 0.9689296081231212 -1.4939487448320792
7 270.711360810155 0.16618396797795604 0.022946328419379543 0.8963601214214421 -1.493501240321939
7 270.711360810155 0.16618396797795604 0.022946328419379543 0.8963601214214421 -1.493501240321939
7 262.37981984642835 0.16814532771995513 0.022946328419379543 0.9666554250891378 -1.493501240321939
7 272.83504486521144 0.16814532771995513 0.022946328419379543 0.8856582740066961 -1.493501240321939
7 272.83504486521144 0.16814532771995513 0.022946328419379543 0.8856582740066961 -1.493501240321939
7 272.83504486521144 0.16814532771995513 0.022946328419379543 0.8856582740066961 -1.493501240321939
7 266.5899691794006 0.16733275008756063 0.022946328419379543 0.9271124676721246 -1.493501240321939
7 270.71175231173993 0.16622680904321838 0.022946328419379543 0.8963601214214421 -1.493501240321939
7 277.5575275080277 0.14919827991831353 0.022946328419379543 0.8856582740066961 -1.493501240321939
7 270.6600996255522 0.17195428127458126 0.02142776169211015 0.8919329506415492 -1.493501240321939
7 275.8476625289199 0.17235508085457035 0.022946328419379543 0.8856582740066961 -1.493501240321939
7 272.5088423063176 0.16697516506327498 0.022946328419379543 0.8856582740066961 -1.493501240321939
7 532.8628400873928 0.225159745219556 0.023999146499790416 0.8016366693388305 -0.9186823496188107
7 275.4057046333821 0.17195428127458126 0.022946328419379543 0.8856582740066961 -1.493501240321939
7 272.83504486521144 0.16814532771995513 0.022946328419379543 0.8856582740066961 -1.493501240321939
7 272.5989588708329 0.16737558799626556 0.022946328419379543 0.8856582740066961 -1.493501240321939
7 8150.02475188092 0.4028106391030933 0.022946328419379543 0.8856582740066961 -1.493501240321939
7 272.83504486521144 0.16814532771995513 0.022946328419379543 0.8856582740066961 -1.493501240321939
7 272.83504486521144 0.16814532771995513 0.022946328419379543 0.8856582740066961 -1.493501240321939
8 262.3739139624162 0.16818350659764658 0.022946328419379543 0.9666554250891378 -1.493501240321939
8 270.7113909728122 0.16618864717909718 0.022946328419379543 0.8963601214214421 -1.493501240321939
8 272.83504486521144 0.16814532771995513 0.022946328419379543 0.8856582740066961 -1.493501240321939
8 260.11089136307083 0.16814532771995513 0.022317582166318323 0.9666554250891378 -1.493501240321939
8 487.8850153383043 0.16618396797795604 0.022606235728875664 0.5311741533559763 -1.493501240321939
8 272.83504486521144 0.16814532771995513 0.022946328419379543 0.8856582740066961 -1.493501240321939
8 272.83504486521144 0.16814532771995513 0.022946328419379543 0.8856582740066961 -1.493501240321939
8 272.5088423063176 0.16697516506327498 0.022946328419379543 0.8856582740066961 -1.493501240321939
8 272.52646678805195 0.16706194285863107 0.022946328419379543 0.8856582740066961 -1.493501240321939
8 272.80424215614204 0.16805855262439717 0.022946328419379543 0.8856582740066961 -1.493501240321939
8 270.15257478514 0.16452376909161998 0.022946328419379543 0.9017238182534241 -1.493501240321939
8 268.2454921109218 0.16907899568850682 0.022946328419379543 0.9216747588565691 -1.2519307434848719
8 272.368606593741 0.16518714253511751 0.022946328419379543 0.8856582740066961 -1.493501240321939
8 266.98894654669954 0.17033430455108087 0.022946328419379543 0.9271124676721246 -1.493501240321939
8 260.87555300157413 0.16814532771995513 0.021158161298752868 0.9666554250891378 -1.493501240321939
8 408.4232789146961 0.2271767174610752 0.023252678433468916 0.8919329506415492 -1.493501240321939
8 272.83504486521144 0.16814532771995513 0.022946328419379543 0.8856582740066961 -1.493501240321939
8 271.0876176228747 0.16618396797795604 0.022946328419379543 0.8963601214214421 -1.3245169761596316
8 270.6600996255522 0.17195428127458126 0.02142776169211015 0.8919329506415492 -1.493501240321939
9 266.9384157935615 0.168232012519427 0.02264599538186704 0.9151739998661187 -1.4877115799621783
9 262.94668132248916 0.16609730560247926 0.021158161298752868 0.9467449585132915 -1.2872298205243453
9 266.98894654669954 0.17033430455108087 0.022946328419379543 0.9271124676721246 -1.493501240321939
9 280.9608348282232 0.16814532771995513 0.021158161298752868 0.8329852747213936 -1.498212062906302
9 288.7046819901632 0.17033430455108087 0.023830762904679583 0.8515380381151055 -1.493501240321939
9 260.11089136307083 0.16814532771995513 0.022317582166318323 0.9666554250891378 -1.493501240321939
9 266.98894654669954 0.17033430455108087 0.022946328419379543 0.9271124676721246 -1.493501240321939
9 268.2454921109218 0.16907899568850682 0.022946328419379543 0.9216747588565691 -1.2519307434848719
9 389.14323082642943 0.2271767174610752 0.020221375640092628 0.8919329506415492 -1.493501240321939
9 272.83504486521144 0.16814532771995513 0.022946328419379543 0.8856582740066961 -1.493501240321939
9 267.2458138204815 0.16814532771995513 0.021833669980853093 0.9018656947091406 -1.493501240321939
9 267.05536193953964 0.16814532771995513 0.02342233203094782 0.9485802395549 -1.493501240321939
9 267.8549771349951 0.16480181114559256 0.022946328419379543 0.9236728651816559 -1.2519307434848719
9 286.1812448736478 0.13227804594678058 0.022946328419379543 0.8942440679453673 -1.493501240321939
9 270.2470348816536 0.17130664176964427 0.02142776169211015 0.8919329506415492 -1.493501240321939
9 271.81911788808486 0.1651720697090917 0.02324532933022329 0.9017238182534241 -1.493501240321939
9 259.8208502385315 0.16862572470518394 0.022317582166318323 0.9694473293602527 -1.493501240321939
9 267.41725759757185 0.16985391881981193 0.022946328419379543 0.9228542251529666 -1.493501240321939
9 270.7113909728122 0.16618864717909718 0.022946328419379543 0.8963601214214421 -1.493501240321939
10 260.0573738194286 0.16861635243122913 0.022317582166318323 0.9663954690710009 -1.493501240321939
10 259.8838995055893 0.16815470020119144 0.022317582166318323 0.969705857892808 -1.493501240321939
10 299.5548398943859 0.16854755864233145 0.022317582166318323 0.774538661918279 -1.493501240321939
10 260.9666697784584 0.17041248494012848 0.022946328419379543 0.9848972072913964 -1.493501240321939
10 271.8351714305581 0.16814532771995513 0.02342233203094782 0.9132633511537506 -1.493501240321939
10 260.86964269998884 0.16907899568850682 0.02200983996153421 0.9560622125738479 -1.2519307434848719
10 278.078529622464 0.17033430455108087 0.022119151101633212 0.8515380381151055 -1.493501240321939
10 270.23407107972287 0.16814532771995513 0.0239823892963351 0.9666554250891378 -1.493501240321939
10 260.11089136307083 0.16814532771995513 0.022317582166318323 0.9666554250891378 -1.493501240321939
10 260.11089136307083 0.16814532771995513 0.022317582166318323 0.9666554250891378 -1.493501240321939
10 269.99914514537807 0.17130664176964427 0.02158935633626487 0.8925750673250387 -1.493501240321939
10 270.029080525241 0.16618864717909718 0.0227922661176499 0.8957178408094213 -1.493501240321939
10 270.4749314318324 0.16908784202646193 0.02142776169211015 0.8843542827136419 -1.493501240321939
10 587.5669776206989 0.2598295082363964 0.022317582166318323 0.9693250720106745 -1.493501240321939
10 267.2458138204815 0.16814532771995513 0.021833669980853093 0.9018656947091406 -1.493501240321939
10 266.98894654669954 0.17033430455108087 0.022946328419379543 0.9271124676721246 -1.493501240321939
10 271.24488715469545 0.17130664176964427 0.02142776169211015 0.8872095264045764 -1.493501240321939
10 7199.872061839125 0.4540378805700823 0.022946328419379543 0.8903813989386149 -1.2956243050987706
10 262.94668132248916 0.16609730560247926 0.021158161298752868 0.9467449585132915 -1.2872298205243453
11 267.78118663841667 0.16814532771995513 0.022268461919589987 0.9018656947091406 -1.493501240321939
11 259.64354956634253 0.16814532771995513 0.021883116696902096 0.9666554250891378 -1.493501240321939
11 272.6467083093736 0.17293305089114755 0.02142776169211015 0.8872095264045764 -1.4720672746678658
11 1212.8833932077084 0.26965645965092755 0.02200983996153421 0.7385510221155474 -1.2360491289161764
11 259.8324290319533 0.1682541750505171 0.022317582166318323 0.9701343391255358 -1.493501240321939
11 260.10349528290345 0.16851687749257516 0.022317582166318323 0.9659649816033813 -1.493501240321939
11 259.12873382649883 0.16815470020119144 0.022317582166318323 0.9813072798380634 -1.493501240321939
11 274.6011181750692 0.16618864717909718 0.0227922661176499 0.8683778035086497 -1.493501240321939
11 261.6015087977758 0.17041248494012848 0.022946328419379543 0.9762680744237633 -1.493501240321939
11 259.50142597160146 0.16814532771995513 0.022317582166318323 0.9752661754218442 -1.493501240321939
11 262.7805754163878 0.16907899568850682 0.02200983996153421 0.9440164191494953 -1.0931822930035722
11 259.37507391286505 0.16814532771995513 0.022317582166318323 0.9772490194268503 -1.493501240321939
11 280.2018837998604 0.1726678683430869 0.021493705046773226 0.8509995764116883 -1.493501240321939
11 286.38416887742017 0.16718687446414085 0.02225515227144531 0.8102546947036671 -1.493501240321939
11 260.1928033774996 0.16814532771995513 0.021833669980853093 0.959537401443039 -1.493501240321939
11 267.16747407598024 0.16861635243122913 0.022317582166318323 0.9070720429219965 -1.4961766341050176
11 259.8838995055893 0.16815470020119144 0.022317582166318323 0.969705857892808 -1.493501240321939
11 270.4749314318324 0.16908784202646193 0.02142776169211015 0.8843542827136419 -1.493501240321939
11 270.029080525241 0.16618864717909718 0.0227922661176499 0.8957178408094213 -1.493501240321939
12 261.6015087977758 0.17041248494012848 0.022946328419379543 0.9762680744237633 -1.493501240321939
12 259.64354956634253 0.16814532771995513 0.021883116696902096 0.9666554250891378 -1.493501240321939
12 258.39749133047263 0.1681550190325954 0.022317582166318323 0.9962549564951222 -1.493501240321939
12 263.7758237903317 0.16814500888855338 0.022317582166318323 0.9293732894918819 -1.493501240321939
12 259.7859843390792 0.1687823678512933 0.022317582166318323 0.9696468973145207 -1.493501240321939
12 259.87995537409694 0.16809753296907604 0.022317582166318323 0.9699347665316181 -1.4983822524377182
12 294.4756202727154 0.13123195482732836 0.021883116696902096 0.9666554250891378 -1.493501240321939
12 271.4204386284355 0.1714018924112301 0.02142776169211015 0.8872095264045764 -1.4720672746678658
12 259.37507391286505 0.16814532771995513 0.022317582166318323 0.9772490194268503 -1.493501240321939
12 301.0515491724537 0.16618864717909718 0.0227922661176499 0.767228381531706 -1.493501240321939
12 259.4407620019741 0.16814532771995513 0.021883116696902096 0.9694968689082903 -1.493501240321939
12 262.51543251809574 0.1682541750505171 0.022985316678863575 0.9672920624343004 -1.493501240321939
12 259.03687168433737 0.16814532771995513 0.02169476858795933 0.9772490194268503 -1.493501240321939
12 261.03209082029605 0.16814532771995513 0.02245906650963527 0.959537401443039 -1.493501240321939
12 259.8324290319533 0.1682541750505171 0.022317582166318323 0.9701343391255358 -1.493501240321939
12 361.1513661522328 0.2319327562908668 0.022317582166318323 0.9772490194268503 -1.493501240321939
12 262.7805754163878 0.16907899568850682 0.02200983996153421 0.9440164191494953 -1.0931822930035722
12 261.6015087977758 0.17041248494012848 0.022946328419379543 0.9762680744237633 -1.493501240321939
12 267.78118663841667 0.16814532771995513 0.022268461919589987 0.9018656947091406 -1.493501240321939
13 301.3873838590069 0.17070846257563033 0.022946328419379543 0.7882108813456854 -1.493501240321939
13 264.5076118309941 0.16589293739509448 0.0227922661176499 0.9408739309876373 -1.493501240321939
13 259.03687168433737 0.16814532771995513 0.02169476858795933 0.9772490194268503 -1.493501240321939
13 259.8324290319533 0.1682541750505171 0.022317582166318323 0.9701343391255358 -1.493501240321939
13 259.1826062053462 0.1681550190325954 0.022317582166318323 0.9803831612151365 -1.493501240321939
13 258.8660160093907 0.1682541750505171 0.022317582166318323 0.9855438676362102 -1.493501240321939
13 261.03209082029605 0.16814532771995513 0.02245906650963527 0.959537401443039 -1.493501240321939
13 259.8324290319533 0.1682541750505171 0.022317582166318323 0.9701343391255358 -1.493501240321939
13 259.1295686856587 0.16815150386681332 0.022317582166318323 0.9813072798380634 -1.493501240321939
13 259.4400275730964 0.16814852405433378 0.021883116696902096 0.9694968689082903 -1.493501240321939
13 259.635425175813 0.16814532771995513 0.0215957153944982 0.9694968689082903 -1.493501240321939
13 258.96345500454277 0.16814532771995513 0.02198285950079295 0.9772490194268503 -1.493501240321939
13 262.5214083963925 0.1682541750505171 0.022986444562684023 0.9672920624343004 -1.493501240321939
13 261.59568970943485 0.17041248494012848 0.02294520022508477 0.9762680744237633 -1.493501240321939
13 259.3226110778262 0.16814532771995513 0.021883116696902096 0.9712418425755178 -1.493501240321939
13 259.9613258492228 0.1682541750505171 0.022317582166318323 0.9683878148200546 -1.493501240321939
13 259.8927223459519 0.16814532771995513 0.022317582166318323 0.9696117839564301 -1.493501240321939
13 259.38207825164596 0.1687823678512933 0.022317582166318323 0.9772639527472474 -1.2926016567238343
13 267.2141754218405 0.16814532771995513 0.020091524137834924 0.9666554250891378 -1.2802766652636817
14 259.89278917959956 0.16814532771995513 0.022317582166318323 0.9696117839564301 -1.496116546701284
14 258.39749133047263 0.1681550190325954 0.022317582166318323 0.9962549564951222 -1.493501240321939
14 258.68147556068 0.1681550190325954 0.022317582166318323 0.9897266168469042 -1.493501240321939
14 260.8972563905349 0.16814532771995513 0.022317582166318323 0.9569907118445041 -1.493501240321939
14 259.3899438167369 0.1687823678512933 0.022317582166318323 0.9772639527472474 -1.286158169932341
14 259.8931441361577 0.16814532771995513 0.022317582166318323 0.9696117839564301 -1.4726698816233026
14 258.6369028906587 0.16814532771995513 0.021842623847879532 0.9828183762143952 -1.493501240321939
14 259.32814388101156 0.1682541750505171 0.02207125114242273 0.9720453767647499 -1.493501240321939
14 259.07805784680136 0.1687823678512933 0.021546330131236493 0.9772475246104106 -1.4787108572337764
14 260.8320449505654 0.16814532771995513 0.022764255264389844 0.9772654475632335 -1.2735997422998273
14 260.3828724681621 0.16818754298748395 0.022317582166318323 0.9630554157405865 -1.493501240321939
14 258.37104746375184 0.1682216510962834 0.022317582166318323 0.9963856882793379 -1.493501240321939
14 259.1059210878931 0.16815150386681332 0.022317582166318323 0.9813072798380634 -1.3756012192083649
14 259.38207825164596 0.1687823678512933 0.022317582166318323 0.9772639527472474 -1.2926016567238343
14 259.4400275730964 0.16814852405433378 0.021883116696902096 0.9694968689082903 -1.493501240321939
14 259.4400275730964 0.16814852405433378 0.021883116696902096 0.9694968689082903 -1.493501240321939
14 259.635425175813 0.16814532771995513 0.0215957153944982 0.9694968689082903 -1.493501240321939
14 258.96345500454277 0.16814532771995513 0.02198285950079295 0.9772490194268503 -1.493501240321939
14 259.1302052564924 0.16815150386681332 0.022317582166318323 0.9813072798380634 -1.4950107065719505
15 260.99163301962756 0.1687823678512933 0.02284088168773412 0.9772475246104106 -1.4787108572337764
15 261.4169733449775 0.16818754298748395 0.02107406672346464 0.9630554157405865 -1.493501240321939
15 259.99131353898684 0.16815150386681332 0.022630756557267064 0.9813072798380634 -1.4950107065719505
15 259.74996264692186 0.1687823678512933 0.021255598470391664 0.9772475246104106 -1.4787108572337764
15 258.37229636507493 0.1682216510962834 0.022317582166318323 0.9963538982598499 -1.493501240321939
15 259.8090479864845 0.1681550190325954 0.021046793416501466 0.9962867438655915 -1.493501240321939
15 258.97390213134776 0.16814852405433378 0.02214561456651243 0.9792438372055159 -1.4883403067474563
15 290.2493697932209 0.20940280462471972 0.02205514203419705 0.9715038350831221 -1.3585746898693882
15 274.3787892638942 0.15543663506406363 0.0215957153944982 0.9763087589269486 -1.4762703898980751
15 276.2574215589292 0.16814532771995513 0.02451716163286594 0.9704378811184459 -1.2545873865908526
15 258.37104746375184 0.1682216510962834 0.022317582166318323 0.9963856882793379 -1.493501240321939
15 259.32814388101156 0.1682541750505171 0.02207125114242273 0.9720453767647499 -1.493501240321939
15 259.3899438167369 0.1687823678512933 0.022317582166318323 0.9772639527472474 -1.286158169932341
15 259.7616371393404 0.1687823678512933 0.022317582166318323 0.9772639527472474 -1.097852473266629
15 258.3092779562906 0.1682216510962834 0.022317582166318323 0.9979959821643601 -1.493501240321939
15 259.5211935803112 0.16814532771995513 0.02198285950079295 0.9687237692124558 -1.493501240321939
15 258.96345500454277 0.16814532771995513 0.02198285950079295 0.9772490194268503 -1.493501240321939
15 258.6369028906587 0.16814532771995513 0.021842623847879532 0.9828183762143952 -1.493501240321939
15 255.02711222033264 0.18433702006998648 0.021218828134587694 0.9962549564951222 -1.4939803747210525
16 258.6369028906587 0.16814532771995513 0.021842623847879532 0.9828183762143952 -1.493501240321939
16 259.7616371393404 0.1687823678512933 0.022317582166318323 0.9772639527472474 -1.097852473266629
16 258.898251585702 0.16814532771995513 0.02224413197761776 0.9830509905037694 -1.493501240321939
16 258.0361101146408 0.1682216510962834 0.021916338361688915 0.9953905836825265 -1.493501240321939
16 274.83707212991857 0.15543663506406363 0.02140082997005373 0.9818982580026152 -1.479394608828047
16 258.8576761544144 0.1682216510962834 0.022523340271281427 0.9963856882793379 -1.4899113016683438
16 259.75549910838237 0.1682216510962834 0.022317582166318323 0.9712949954171065 -1.493501240321939
16 258.00098246041483 0.1682541750505171 0.02207125114242273 0.9974594327986476 -1.493501240321939
16 260.1817748056699 0.16815211888044085 0.021061347241327633 0.9859676570862212 -1.493501240321939
16 267.7093291320378 0.16818075182709796 0.02186224586337039 0.8990630315468553 -1.493501240321939
16 258.37104746375184 0.1682216510962834 0.022317582166318323 0.9963856882793379 -1.493501240321939
16 258.37104746375184 0.1682216510962834 0.022317582166318323 0.9963856882793379 -1.493501240321939
16 259.88843804880395 0.16814852405433378 0.0214417489054851 0.9696752419796907 -1.4883403067474563
16 254.16088093031658 0.18433702006998648 0.021926191078644817 0.9982993434840274 -1.4939803747210525
16 259.1337796598984 0.16814852405433378 0.022373959305994194 0.9833205087958268 -1.489502553428336
16 258.252891574558 0.1682216510962834 0.02208932033724214 0.9917139109222918 -1.4923100601836847
16 261.10457032428303 0.168093123820238 0.02284088168773412 0.9772475246104106 -1.4785478765478601
16 258.8318212993684 0.16883776910834344 0.02214561456651243 0.9792438372055159 -1.488386627734332
16 259.5211935803112 0.16814532771995513 0.02198285950079295 0.9687237692124558 -1.493501240321939
17 258.8318212993684 0.16883776910834344 0.02214561456651243 0.9792438372055159 -1.488386627734332
17 259.5211935803112 0.16814532771995513 0.02198285950079295 0.9687237692124558 -1.493501240321939
17 258.41472426576297 0.16822385182320249 0.02234043717186091 0.9963856882793379 -1.493501240321939
17 258.6449078737956 0.16814312699417272 0.02182035516606865 0.9828183762143952 -1.493501240321939
17 258.6931472270875 0.16814532771995513 0.021999718536410466 0.9820699328836429 -1.493501240321939
17 259.72628051534076 0.16814532771995513 0.02222732343879008 0.9695639618432302 -1.493501240321939
17 258.8576761544144 0.1682216510962834 0.022523340271281427 0.9963856882793379 -1.4899113016683438
17 258.00098246041483 0.1682541750505171 0.02207125114242273 0.9974594327986476 -1.493501240321939
17 259.7754795037857 0.16814532771995513 0.022220091610421284 0.9687237692124558 -1.493501240321939
17 258.05812725077175 0.1682216510962834 0.022080395727926028 0.9963856882793379 -1.493501240321939
17 259.8906803243509 0.1681452333164089 0.0214417489054851 0.9696752419796907 -1.4932204211197604
17 258.89489195318254 0.16814861845788012 0.02224413197761776 0.9830509905037694 -1.4885732332016353
17 258.37104746375184 0.1682216510962834 0.022317582166318323 0.9963856882793379 -1.493501240321939
17 254.16088093031658 0.18433702006998648 0.021926191078644817 0.9982993434840274 -1.4939803747210525
17 259.11852107219164 0.1682541750505171 0.02121727922268316 0.99729478738936 -1.4936022691444613
17 254.55249132286417 0.18433702006998648 0.022078641782520326 0.9964155287503859 -1.4938792951538489
17 262.02086367966035 0.18433702006998648 0.020547981788276676 0.9963949662311602 -0.5679386698563368
17 268.0368789232379 0.1682216510962834 0.023951048747471133 0.9962456690711067 -1.1298913576366312
17 258.6369028906587 0.16814532771995513 0.021842623847879532 0.9828183762143952 -1.493501240321939
18 254.16088093031658 0.18433702006998648 0.021926191078644817 0.9982993434840274 -1.4939803747210525
18 254.55249132286417 0.18433702006998648 0.022078641782520326 0.9964155287503859 -1.4938792951538489
18 277.8602220890275 0.16811909635197197 0.02067362059139278 0.860148116124707 -1.2765358856074882
18 258.345246248111 0.16828040643116232 0.021999718536410466 0.9880592733982388 -1.493501240321939
18 254.16088093031658 0.18433702006998648 0.021926191078644817 0.9982993434840274 -1.4939803747210525
18 260.2883014654185 0.16822385182320249 0.022900912648398778 0.9963856882793379 -1.493501240321939
18 254.74312131438646 0.18433702006998648 0.022276267802585382 0.9982518783832233 -1.493433182654964
18 258.00366143803774 0.1682216510962834 0.02196765571319123 0.9964021676594341 -1.4940481738538476
18 264.39703629391744 0.18433702006998648 0.02032042358684748 0.9963949662311602 -0.5068324948849503
18 272.9546866536664 0.18433702006998648 0.022436447817061604 0.9067371659819062 -1.498927078991769
18 259.03419820418395 0.16762710801046016 0.022228136874984476 0.9830509905037694 -1.4919141845000872
18 254.08657985630754 0.18486807152461654 0.021942287807399166 0.9982993434840274 -1.4906235442166853
18 258.4990947633691 0.16822385182320249 0.022380748878573997 0.9963856882793379 -1.493501240321939
18 257.976583257359 0.1682541750505171 0.02203108524461972 0.9974594327986476 -1.493501240321939
18 257.5857168782933 0.19222369471993167 0.021924376249919213 0.9982993434840274 -1.4939803747210525
18 264.97191823389016 0.16035252715985499 0.021844441792561706 0.9828183762143952 -1.493501240321939
18 258.37164673649096 0.1682216510962834 0.022317582166318323 0.9963856882793379 -1.4941709420868434
18 254.16099398655783 0.18433702006998648 0.021926191078644817 0.9982993434840274 -1.4933098116553056
18 1335.6858199659257 0.2955603921437056 0.02182035516606865 0.9828183762143952 -1.493501240321939
19 257.5857168782933 0.19222369471993167 0.021924376249919213 0.9982993434840274 -1.4939803747210525
19 264.97191823389016 0.16035252715985499 0.021844441792561706 0.9828183762143952 -1.493501240321939
19 254.16099398655783 0.18433702006998648 0.021926191078644817 0.9982993434840274 -1.4933098116553056
19 258.345246248111 0.16828040643116232 0.021999718536410466 0.9880592733982388 -1.493501240321939
19 257.87184120040797 0.16828040643116232 0.021999718536410466 0.9998244465131882 -1.493501240321939
19 258.1930013367126 0.18486807152461654 0.021942287807399166 0.9682176678755964 -1.4906235442166853
19 254.16099398655783 0.18433702006998648 0.021926191078644817 0.9982993434840274 -1.4933098116553056
19 254.16099398655783 0.18433702006998648 0.021926191078644817 0.9982993434840274 -1.4933098116553056
19 265.6193029983751 0.18433702006998648 0.023954980038508867 0.9985314792410307 -1.493969546257764
19 258.01738611508205 0.1682216510962834 0.02196765571319123 0.996018836058687 -1.4935116720458483
19 254.20764072266616 0.18433702006998648 0.022078641782520326 0.9994928037924071 -1.4944100863730039
19 257.5857168782933 0.19222369471993167 0.021924376249919213 0.9982993434840274 -1.4939803747210525
19 256.85329312387256 0.19149765289542464 0.021942287807399166 0.9982993434840274 -1.4942206069913326
19 254.02790198337888 0.18559453052117247 0.021924376249919213 0.9982993434840274 -1.490344479597595
19 254.16743802925274 0.18418827119645065 0.02187431235967434 0.9982518783832233 -1.493405467696537
19 254.82198808763283 0.1850168216733002 0.02234475603672579 0.9982993434840274 -1.4906404418732528
19 254.16088093031658 0.18433702006998648 0.021926191078644817 0.9982993434840274 -1.4939803747210525
19 254.16088093031658 0.18433702006998648 0.021926191078644817 0.9982993434840274 -1.4939803747210525
19 254.16088093031658 0.18433702006998648 0.021926191078644817 0.9982993434840274 -1.4939803747210525
20 254.16099398655783 0.18433702006998648 0.021926191078644817 0.9982993434840274 -1.4933098116553056
20 254.16099398655783 0.18433702006998648 0.021926191078644817 0.9982993434840274 -1.4933098116553056
20 308.20553830397427 0.1311190957923729 0.020295592715135896 0.9982993434840274 -1.4939803747210525
20 256.829248783677 0.19149765289542464 0.021922627623237226 0.9982993434840274 -1.4942206069913326
20 254.20048046472075 0.1841716509446919 0.0219248769136277 0.9982993434840274 -1.4863584256076467
20 254.02247513756646 0.18575990735215864 0.02192569041495006 0.9982993434840274 -1.496398315731213
20 254.11054233281908 0.18666200810824135 0.021924376249919213 0.9982993434840274 -1.4939803747210525
20 255.50905160122824 0.18989897103936515 0.021926191078644817 0.9982993434840274 -1.4933098116553056
20 254.16099398655783 0.18433702006998648 0.021926191078644817 0.9982993434840274 -1.4933098116553056
20 254.16088093031658 0.18433702006998648 0.021926191078644817 0.9982993434840274 -1.4939803747210525
20 254.1599719332037 0.18433702006998648 0.021924983890158543 0.9982993434840274 -1.4939803747210525
20 257.58722059577565 0.19222369471993167 0.021925583438415608 0.9982993434840274 -1.4939803747210525
20 254.2236956096182 0.1842680851538404 0.022078641782520326 0.9994928037924071 -1.4990339160430246
20 254.02825486487941 0.1856634699577973 0.021924376249919213 0.9982993434840274 -1.490344479597595
20 254.16099398655783 0.18433702006998648 0.021926191078644817 0.9982993434840274 -1.4933098116553056
20 254.16099398655783 0.18433702006998648 0.021926191078644817 0.9982993434840274 -1.4933098116553056
20 254.16099398655783 0.18433702006998648 0.021926191078644817 0.9982993434840274 -1.4933098116553056
20 254.20764072266616 0.18433702006998648 0.022078641782520326 0.9994928037924071 -1.4944100863730039
20 257.5857168782933 0.19222369471993167 0.021924376249919213 0.9982993434840274 -1.4939803747210525
21 254.16099398655783 0.18433702006998648 0.021926191078644817 0.9982993434840274 -1.4933098116553056
21 253.96793690287888 0.18433702006998648 0.021901336402019696 0.9999896429162748 -1.4933098116553056
21 254.09919540277372 0.1846586827237145 0.02192569041495006 0.9982993434840274 -1.496398315731213
21 254.02811021597856 0.1854382469055753 0.021926191078644817 0.9982993434840274 -1.4933098116553056
21 254.16099398655783 0.18433702006998648 0.021926191078644817 0.9982993434840274 -1.4933098116553056
21 411.41060444996106 0.0913605325992906 0.02192569041495006 0.9985297403243797 -1.496398315731213
21 254.16099398655783 0.18433702006998648 0.021926191078644817 0.9982993434840274 -1.4933098116553056
21 254.16099398655783 0.18433702006998648 0.021926191078644817 0.9982993434840274 -1.4933098116553056
21 254.16003597901454 0.18433566635069187 0.02192383309883062 0.9982993434840274 -1.4903971703007923
21 254.0263335932249 0.18566482697733439 0.021926734229934724 0.9982993434840274 -1.493245307513416
21 339.1293347924721 0.11029432443735902 0.021926191078644817 0.9982993434840274 -1.497795640055413
21 257.5857168782933 0.19222369471993167 0.021924376249919213 0.9982993434840274 -1.4939803747210525
21 254.16099398655783 0.18433702006998648 0.021926191078644817 0.9982993434840274 -1.4933098116553056
21 254.16099398655783 0.18433702006998648 0.021926191078644817 0.9982993434840274 -1.4933098116553056
21 254.16029779467308 0.18433702006998648 0.021926217763907657 0.9982993434840274 -1.4977713695722064
21 356.12580934934533 0.18575990735215864 0.021925663729688252 0.7351747685288027 -1.4913933508324837
21 254.0209681966731 0.18569273087576643 0.02192549880637274 0.9982993434840274 -1.496643683674409
21 254.14721582469932 0.18440420019453707 0.021926382687228074 0.9982993434840274 -1.4929887663529984
21 317.1184762297342 0.19149765289542464 0.021922627623237226 0.8210510257181098 -1.4942206069913326
22 254.0181538009239 0.18433702006998648 0.021931140645656544 0.9997031443171778 -1.4933098116553056
22 253.99578798111537 0.18566482697733439 0.021896930290764255 0.9983637801456179 -1.493245307513416
22 254.1614178047568 0.18433702006998648 0.021926189233548492 0.9982993434840274 -1.4909334238099976
22 254.1601413261157 0.18433702006998648 0.021926219609003983 0.9982993434840274 -1.4988464453826735
22 254.13854404845952 0.1844477974040048 0.021926382687228074 0.9982993434840274 -1.4929887663529984
22 254.02954077052655 0.1853946511154307 0.021926191078644817 0.9982993434840274 -1.4933098116553056
22 254.02811021597856 0.1854382469055753 0.021926191078644817 0.9982993434840274 -1.4933098116553056
22 280.5575545805612 0.14140422554260462 0.021926191078644817 0.9982993434840274 -1.4933098116553056
22 253.96793690287888 0.18433702006998648 0.021901336402019696 0.9999896429162748 -1.4933098116553056
22 254.16099398655783 0.18433702006998648 0.021926191078644817 0.9982993434840274 -1.4933098116553056
22 254.16111583228385 0.18433702006998648 0.02192612485074476 0.9982993434840274 -1.4923444055945452
22 254.09891320518634 0.1846586827237145 0.02192575664285059 0.9982993434840274 -1.4971519462276566
22 317.1184762297342 0.19149765289542464 0.021922627623237226 0.8210510257181098 -1.4942206069913326
22 464.02292610670077 0.0678515297596477 0.02192569041495006 0.9849442094818306 -1.496398315731213
22 254.09706251774335 0.1846741720388657 0.02192613973463325 0.9982993434840274 -1.496398315731213
22 254.16335322973634 0.18432153082723718 0.021925768444224995 0.9982993434840274 -1.4977713695722064
22 254.09919540277372 0.1846586827237145 0.02192569041495006 0.9982993434840274 -1.496398315731213
22 362.9999379333575 0.1854382469055753 0.021926191078644817 0.724420013585692 -1.4933098116553056
22 261.48156661126154 0.1952474713349413 0.021901336402019696 0.9999938797292472 -1.4933098116553056
23 254.1601530266374 0.18433702006998648 0.02192623513028378 0.9982993434840274 -1.4988464453826735
23 254.16098225023205 0.18433702006998648 0.02192617555736502 0.9982993434840274 -1.4933098116553056
23 254.13854404845952 0.1844477974040048 0.021926382687228074 0.9982993434840274 -1.4929887663529984
23 259.4516049760521 0.1853946511154307 0.0202416295408159 0.9982993434840274 -1.4933098116553056
23 254.03803565436033 0.18523942084481254 0.021926173357133164 0.9982993434840274 -1.4923444055945452
23 254.12975896116293 0.18449225151354642 0.021926142572256415 0.9982993434840274 -1.4933098116553056
23 367.07963887186094 0.10146867280519514 0.021901336402019696 0.999996763787241 -1.4933098116553056
23 261.48156661126154 0.1952474713349413 0.021901336402019696 0.9999938797292472 -1.4933098116553056
23 254.02954077052655 0.1853946511154307 0.021926191078644817 0.9982993434840274 -1.4933098116553056
23 254.16099398655783 0.18433702006998648 0.021926191078644817 0.9982993434840274 -1.4933098116553056
23 266.0566879886144 0.18542080924708154 0.023994902455363055 0.9982993434840274 -1.4933098116553056
23 254.86838288768797 0.1843108640340564 0.021150160469732025 0.9998528808257312 -1.4933098116553056
23 261.5521701030166 0.1952474713349413 0.02189737443943452 0.9995174744256418 -1.4933098116553056
23 253.96011002630928 0.18566482697733439 0.021900892253719204 0.998703431514448 -1.493245307513416
23 253.96793690287888 0.18433702006998648 0.021901336402019696 0.9999896429162748 -1.4933098116553056
23 253.96793690287888 0.18433702006998648 0.021901336402019696 0.9999896429162748 -1.4933098116553056
23 254.11800686915961 0.18455565903668347 0.021926219609003983 0.9982993434840274 -1.494039721363739
23 254.18672239134594 0.18422915853023636 0.021926382687228074 0.9982993434840274 -1.4975359119869593
23 254.16111583228385 0.18433702006998648 0.02192612485074476 0.9982993434840274 -1.4923444055945452
24 253.96793690287888 0.18433702006998648 0.021901336402019696 0.9999896429162748 -1.4933098116553056
24 253.96793690287888 0.18433702006998648 0.021901336402019696 0.9999896429162748 -1.4933098116553056
24 254.13854404845952 0.1844477974040048 0.021926382687228074 0.9982993434840274 -1.4929887663529984
24 254.16098225023205 0.18433702006998648 0.02192617555736502 0.9982993434840274 -1.4933098116553056
24 254.11800686915961 0.18455565903668347 0.021926219609003983 0.9982993434840274 -1.494039721363739
24 254.11800686915961 0.18455565903668347 0.021926219609003983 0.9982993434840274 -1.494039721363739
24 253.96793690287888 0.18433702006998648 0.021901336402019696 0.9999896429162748 -1.4933098116553056
24 253.96793690287888 0.18433702006998648 0.021901336402019696 0.9999896429162748 -1.4933098116553056
24 257.28204493756107 0.18449225151354642 0.02291658579081896 0.9982993434840274 -1.4933098116553056
24 367.07963887186094 0.10146867280519514 0.021901336402019696 0.999996763787241 -1.4933098116553056
24 254.03803565436033 0.18523942084481254 0.021926173357133164 0.9982993434840274 -1.4923444055945452
24 494.41591453137676 0.18566482697733439 0.020274151991318996 0.5895022625349483 -1.493245307513416
24 253.8572670293604 0.18566482697733439 0.021900892253719204 0.9996175702525611 -1.493245307513416
24 254.07355586995948 0.18433702006998648 0.021901336402019696 0.9989691271633566 -1.4933098116553056
24 254.12844164195266 0.18450001252161546 0.021926191078644817 0.9982993434840274 -1.4930316390737721
24 254.03185986602318 0.18534243705662146 0.021926382687228074 0.9982993434840274 -1.4932669227856599
24 254.18672239134594 0.18422915853023636 0.021926382687228074 0.9982993434840274 -1.4975359119869593
24 254.18672239134594 0.18422915853023636 0.021926382687228074 0.9982993434840274 -1.4975359119869593
24 260.14309919200593 0.1853946511154307 0.020135880281969824 0.9995023009393722 -1.4933098116553056
25 253.96793690287888 0.18433702006998648 0.021901336402019696 0.9999896429162748 -1.4933098116553056
25 7561.746111566433 0.3784542320322864 0.021901336402019696 0.9999896429162748 -1.4933098116553056
25 254.07355586995948 0.18433702006998648 0.021901336402019696 0.9989691271633566 -1.4933098116553056
25 253.96793690287888 0.18433702006998648 0.021901336402019696 0.9999896429162748 -1.4933098116553056
25 405.01060973461585 0.2432870449931745 0.021909585592196877 0.9999896429162748 -1.4933829916807653
25 634.693399019174 0.2659629936899241 0.02191797044609078 0.9982993434840274 -1.493966298411015
25 254.0695354125507 0.1844904503567112 0.02190080828374309 0.998703431514448 -1.493245307513416
25 253.81860586017223 0.18551139921011617 0.021901420371997635 0.9999896429162748 -1.4933098116553056
25 258.4339225348448 0.18566482697733439 0.020378353934339528 0.998703431514448 -1.4931839332658694
25 254.07354945453662 0.18433702006998648 0.021901336402019696 0.9989691271633566 -1.4933711773626734
25 259.9055579326328 0.18437861804075495 0.02325428282060214 0.9996175702525611 -1.1486873069277985
25 254.02801556141395 0.1857862265843631 0.02192581585876095 0.9982993434840274 -1.4930316390737721
25 253.96793690287888 0.18433702006998648 0.021901336402019696 0.9999896429162748 -1.4933098116553056
25 254.18672239134594 0.18422915853023636 0.021926382687228074 0.9982993434840274 -1.4975359119869593
25 253.8572670293604 0.18566482697733439 0.021900892253719204 0.9996175702525611 -1.493245307513416
25 254.16098225023205 0.18433702006998648 0.02192617555736502 0.9982993434840274 -1.4933098116553056
25 1277.0429709672626 0.29327676319757057 0.023922006583378775 0.9999896429162748 -1.4899678981130564
25 254.18672239134594 0.18422915853023636 0.021926382687228074 0.9982993434840274 -1.4975359119869593
25 6142.7952092887 0.44232517543551325 0.021900892253719204 0.998703431514448 -1.493245307513416
26 254.18672239134594 0.18422915853023636 0.021926382687228074 0.9982993434840274 -1.4975359119869593
26 254.16098225023205 0.18433702006998648 0.02192617555736502 0.9982993434840274 -1.4933098116553056
26 254.02715642293316 0.1857862265843631 0.021924805614543633 0.9982993434840274 -1.4930316390737721
26 253.96856692736898 0.18433702006998648 0.021902346716943157 0.9999896429162748 -1.4933098116553056
26 369.6984515677696 0.18551139921011617 0.021901420371997635 0.7156540197501469 -1.4933098116553056
26 253.81860586017223 0.18551139921011617 0.021901420371997635 0.9999896429162748 -1.4933098116553056
26 253.9683130782393 0.18433702006998648 0.021901336402019696 0.9999896429162748 -1.4890920969503674
26 1276.0177412582539 0.29327676319757057 0.023922006583378775 0.9999896429162748 -1.494097680105496
26 253.96784863054074 0.18433702006998648 0.021901336402019696 0.9999896429162748 -1.494428503060625
26 254.02762527092287 0.1857862265843631 0.02192581585876095 0.9982993434840274 -1.4932966228531832
26 253.97734320390003 0.18433702006998648 0.021901336402019696 0.9998982087588298 -1.4932927166609524
26 253.85069048730247 0.18566482697733439 0.021900892253719204 0.9996762008267374 -1.493262402420552
26 253.86444697636222 0.18566482697733439 0.021900892253719204 0.9995534021144504 -1.493245307513416
26 253.9699786055125 0.18433702006998648 0.021901336402019696 0.9999697820752511 -1.4933098116553056
26 253.96793690287888 0.18433702006998648 0.021901336402019696 0.9999896429162748 -1.4933098116553056
26 1265.9239348614838 0.2894090182764066 0.021901336402019696 0.9999896429162748 -0.9147161349827998
26 253.8572670293604 0.18566482697733439 0.021900892253719204 0.9996175702525611 -1.493245307513416
26 253.96793690287888 0.18433702006998648 0.021901336402019696 0.9999896429162748 -1.4933098116553056
26 254.16098225023205 0.18433702006998648 0.02192617555736502 0.9982993434840274 -1.4933098116553056
27 253.81860586017223 0.18551139921011617 0.021901420371997635 0.9999896429162748 -1.4933098116553056
27 253.81860586017223 0.18551139921011617 0.021901420371997635 0.9999896429162748 -1.4933098116553056
27 254.18672239134594 0.18422915853023636 0.021926382687228074 0.9982993434840274 -1.4975359119869593
27 1265.9239348614838 0.2894090182764066 0.021901336402019696 0.9999896429162748 -0.9147161349827998
27 253.96955028307312 0.18433702006998648 0.02190390885944895 0.9999896429162748 -1.4933098116553056
27 253.96696963297714 0.18433702006998648 0.021899774260252282 0.9999896429162748 -1.4933098116553056
27 253.967981977459 0.18433702006998648 0.021901336402019696 0.9999896429162748 -1.4928002322089442
27 253.97721727573835 0.18433702006998648 0.021901336402019696 0.9998982087588298 -1.494907694288291
27 253.86182907524037 0.1857982897356607 0.02192696615969223 0.9997690936052283 -1.49324503519346
27 254.0381298466949 0.18420356472966543 0.021900101764897283 0.9996064171640276 -1.4933100837817652
27 253.858805520877 0.18566482697733439 0.021901243312401102 0.9996052571914371 -1.4933165086137408
27 253.82283911572296 0.18551139921011617 0.021901069313315997 0.9999498166650744 -1.4932386101253758
27 266.22558593413663 0.18433702006998648 0.02190142416544284 0.9281297919894496 -1.4176455633936564
27 1263.3088440919757 0.2894090182764066 0.021902258953524604 0.9999896429162748 -0.9211777177039058
27 253.90813360934212 0.18464905783865349 0.021900892253719204 0.9999625593748208 -1.493262402420552
27 253.8619614733507 0.18535279094534607 0.021901336402019696 0.9996552761399287 -1.4933098116553056
27 253.81860586017223 0.18551139921011617 0.021901420371997635 0.9999896429162748 -1.4933098116553056
27 253.81860586017223 0.18551139921011617 0.021901420371997635 0.9999896429162748 -1.4933098116553056
27 253.8572670293604 0.18566482697733439 0.021900892253719204 0.9996175702525611 -1.493245307513416
28 253.86453641678278 0.18581373065641688 0.02192696615969223 0.9997481247870745 -1.49324503519346
28 253.8566373085144 0.1856493860647886 0.021901243312401102 0.9996251534640741 -1.4933165086137408
28 253.89837481116263 0.1847152862083855 0.021900892253719204 0.9999497419779064 -1.493262402420552
28 253.98441036700723 0.18427079188737566 0.02190390885944895 0.9999944844921076 -1.4933098116553056
28 253.81860586017223 0.18551139921011617 0.021901420371997635 0.9999896429162748 -1.4933098116553056
28 253.81860586017223 0.18551139921011617 0.021901420371997635 0.9999896429162748 -1.4933098116553056
28 629.8101888492499 0.2664900507524368 0.020768373439084463 0.9999896429162748 -1.4933098116553056
28 253.81796209992385 0.18581822321310337 0.021901429641109704 0.9999896429162748 -1.4928002322089442
28 253.81860586017223 0.18551139921011617 0.021901420371997635 0.9999896429162748 -1.4933098116553056
28 253.82283911572296 0.18551139921011617 0.021901069313315997 0.9999498166650744 -1.4932386101253758
28 291.6250419045219 0.14178340358321656 0.02434996493854292 0.9999896429162748 -1.4933098116553056
28 253.8184376271573 0.18551139921011617 0.021901180863457853 0.9999896429162748 -1.4933098116553056
28 253.858805520877 0.18566482697733439 0.021901243312401102 0.9996052571914371 -1.4933165086137408
28 253.81860586017223 0.18551139921011617 0.021901420371997635 0.9999896429162748 -1.4933098116553056
28 253.8572670293604 0.18566482697733439 0.021900892253719204 0.9996175702525611 -1.493245307513416
28 253.8572670293604 0.18566482697733439 0.021900892253719204 0.9996175702525611 -1.493245307513416
28 476.07386596259295 0.07170899654613955 0.021901420371997635 0.9999896429162748 -1.4933098116553056
28 327.43046173388154 0.11380847192739373 0.021901420371997635 0.9999896429162748 -1.1966669314252056
28 253.81860586017223 0.18551139921011617 0.021901420371997635 0.9999896429162748 -1.4933098116553056
29 253.86453641678278 0.18581373065641688 0.02192696615969223 0.9997481247870745 -1.49324503519346
29 253.8184376271573 0.18551139921011617 0.021901180863457853 0.9999896429162748 -1.4933098116553056
29 253.8193706486988 0.18550525721162525 0.021901429641109704 0.9999896429162748 -1.4928002322089442
29 253.81737239553993 0.18582436525988033 0.021901420371997635 0.9999896429162748 -1.4933098116553056
29 253.81796209992385 0.18581822321310337 0.021901429641109704 0.9999896429162748 -1.4928002322089442
29 253.858805520877 0.18566482697733439 0.021901243312401102 0.9996052571914371 -1.4933165086137408
29 327.23080832227583 0.22711540963542515 0.021901243312401102 0.9996052571914371 -1.4933165086137408
29 253.81860586017223 0.18551139921011617 0.021901420371997635 0.9999896429162748 -1.4933098116553056
29 253.8228946442247 0.18551139921011617 0.021901148423559197 0.9999498166650744 -1.4932386101253758
29 253.8183821196921 0.18551139921011617 0.021901101753214657 0.9999896429162748 -1.4933098116553056
29 257.5778375091246 0.1694253472069882 0.021901420371997635 0.9997694133622043 -1.4933098116553056
29 403.7285287345467 0.09348590355448896 0.021900892253719204 0.9998289959642266 -1.493245307513416
29 253.82283911572296 0.18551139921011617 0.021901069313315997 0.9999498166650744 -1.4932386101253758
29 3653.270381221934 0.32240099652526766 0.022405645024820092 0.9999896429162748 -1.4933098116553056
29 253.89436685668863 0.1847152862083855 0.021901560782771376 0.9999919830301822 -1.493257330347316
29 253.82355235193538 0.18551139921011617 0.021900751842949956 0.9999405747020201 -1.4933148835539032
29 320.28206272239225 0.11902699878367802 0.021901420371997635 0.9999896429162748 -1.4720890706449863
29 254.76737823737807 0.18156395998472197 0.02192696615969223 0.9997481247870745 -1.1632873600127251
29 629.8101888492499 0.2664900507524368 0.020768373439084463 0.9999896429162748 -1.4933098116553056
30 288.8492973368198 0.2138335789763206 0.021901101753214657 0.9999896429162748 -1.2254380920468544
30 253.8185132253124 0.18551456821178497 0.021901420371997635 0.9999896429162748 -1.4933098116553056
30 256.6703905974389 0.190798647817711 0.021113520583377097 0.9996972132543982 -1.4933165086137408
30 305.49680898680515 0.22187775380501246 0.021900751842949956 0.9999465117619758 -1.4933148835539032
30 253.81796209992385 0.18581822321310337 0.021901429641109704 0.9999896429162748 -1.4928002322089442
30 253.81737239553993 0.18582436525988033 0.021901420371997635 0.9999896429162748 -1.4933098116553056
30 253.81796209992385 0.18581822321310337 0.021901429641109704 0.9999896429162748 -1.4928002322089442
30 274.23701447395706 0.18550525721162525 0.024673163828748765 0.9999896429162748 -1.4928002322089442
30 253.8235942500722 0.18551139921011617 0.021900751842949956 0.9999405747020201 -1.4932783153103002
30 253.89434886948288 0.1847152862083855 0.021901560782771376 0.9999919830301822 -1.4932938985551358
30 253.81796209992385 0.18581822321310337 0.021901429641109704 0.9999896429162748 -1.4928002322089442
30 253.81796209992385 0.18581822321310337 0.021901429641109704 0.9999896429162748 -1.4928002322089442
30 630.4484042059709 0.2664900507524368 0.020856091258958445 0.9999896429162748 -1.4933098116553056
30 257.5939711751158 0.1694253472069882 0.021833829746817017 0.9997694133622043 -1.4933098116553056
30 253.89908349910908 0.18566482697733439 0.021925076403356933 0.9994104719760432 -1.4933165086137408
30 263.615859701768 0.18581373065641688 0.02190313314493066 0.9404448949104564 -1.49324503519346
30 253.81860586017223 0.18551139921011617 0.021901420371997635 0.9999896429162748 -1.4933098116553056
30 253.8228946442247 0.18551139921011617 0.021901148423559197 0.9999498166650744 -1.4932386101253758
30 253.81796209992385 0.18581822321310337 0.021901429641109704 0.9999896429162748 -1.4928002322089442
31 253.83014333404233 0.18527527931679805 0.021901406320138036 0.9999896429162748 -1.4933098116553056
31 253.82744034563248 0.1860543443116991 0.021901443692969303 0.9999896429162748 -1.4928002322089442
31 253.81737239553993 0.18582436525988033 0.021901420371997635 0.9999896429162748 -1.4933098116553056
31 253.818381069557 0.18551139921011617 0.021901420371997635 0.9999916789463503 -1.4933098116553056
31 1489.3602849644649 0.2999427062301498 0.021998781697406718 0.9999896429162748 -1.4928002322089442
31 260.8429007976053 0.18582436525988033 0.021901420371997635 0.9538592522585556 -1.4933098116553056
31 253.81737239553993 0.18582436525988033 0.021901420371997635 0.9999896429162748 -1.4933098116553056
31 253.81737239553993 0.18582436525988033 0.021901420371997635 0.9999896429162748 -1.4933098116553056
31 257.76203446328464 0.168663319597947 0.021833829746817017 0.9997966612391808 -1.493376092960485
31 253.88208539503822 0.18659111479150242 0.021901429641109704 0.9999896429162748 -1.4927337154242408
31 263.6149012608298 0.18581793058064966 0.021901409611742167 0.9404448949104564 -1.49324503519346
31 253.81913101507124 0.18581402328887076 0.021903153174328 0.9999896429162748 -1.4928002322089442
31 266.2619617083513 0.1593133052794437 0.021901420371997635 0.9999896429162748 -1.4933098116553056
31 263.88577695146535 0.1960814163070943 0.020945575458882804 0.9997694133622043 -1.4933098116553056
31 253.81799498268376 0.18551456821178497 0.021901420371997635 0.9999896429162748 -1.4937734025909404
31 253.81860897383024 0.18581822321310337 0.021901429641109704 0.9999896429162748 -1.4923330102085168
31 253.81698408187506 0.18581515650178765 0.021901438212789177 0.9999896429162748 -1.4934620525064848
31 253.81835662993305 0.18582743197120055 0.02190141180031816 0.9999896429162748 -1.4926474277450175
31 253.81796209992385 0.18581822321310337 0.021901429641109704 0.9999896429162748 -1.4928002322089442
32 253.81396502816585 0.18582436525988033 0.021901420371997635 0.9999896429162748 -1.4957701834563306
32 253.81737239553993 0.18582436525988033 0.021901420371997635 0.9999896429162748 -1.4933098116553056
32 253.81737239553993 0.18582436525988033 0.021901420371997635 0.9999896429162748 -1.4933098116553056
32 257.95160749119134 0.18582436525988033 0.020432095057557456 0.9999896429162748 -1.4933098116553056
32 266.2619550340386 0.1593133052794437 0.021901439345988583 0.9999896429162748 -1.4933098116553056
32 253.8169703429617 0.18581515650178765 0.02190141923879823 0.9999896429162748 -1.4934620525064848
32 328.0198800779081 0.1859924159295238 0.02190139621235947 0.7820785362268822 -1.366703662162333
32 6533.67729817045 0.4171594630407377 0.02190146785260747 0.9999896429162748 -1.4928002322089442
32 253.81799498268376 0.18551456821178497 0.021901420371997635 0.9999896429162748 -1.4937734025909404
32 253.81737239553993 0.18582436525988033 0.021901420371997635 0.9999896429162748 -1.4933098116553056
32 253.81698408187506 0.18581515650178765 0.021901438212789177 0.9999896429162748 -1.4934620525064848
32 253.81737239553993 0.18582436525988033 0.021901420371997635 0.9999896429162748 -1.4933098116553056
32 253.81698408187506 0.18581515650178765 0.021901438212789177 0.9999896429162748 -1.4934620525064848
32 253.81698408187506 0.18581515650178765 0.021901438212789177 0.9999896429162748 -1.4934620525064848
32 253.81737239553993 0.18582436525988033 0.021901420371997635 0.9999896429162748 -1.4933098116553056
32 253.81913101507124 0.18581402328887076 0.021903153174328 0.9999896429162748 -1.4928002322089442
32 305.7630014291544 0.21835666850430274 0.023408504012858215 0.9999896429162748 -1.4933098116553056
32 253.81737239553993 0.18582436525988033 0.021901420371997635 0.9999896429162748 -1.4933098116553056
32 257.76203446328464 0.168663319597947 0.021833829746817017 0.9997966612391808 -1.493376092960485
33 253.8169703429617 0.18581515650178765 0.02190141923879823 0.9999896429162748 -1.4934620525064848
33 257.95160749119134 0.18582436525988033 0.020432095057557456 0.9999896429162748 -1.4933098116553056
33 253.81698408187506 0.18581515650178765 0.021901438212789177 0.9999896429162748 -1.4934620525064848
33 253.81396502816585 0.18582436525988033 0.021901420371997635 0.9999896429162748 -1.4957701834563306
33 253.81698408187506 0.18581515650178765 0.021901438212789177 0.9999896429162748 -1.4934620525064848
33 257.76203446328464 0.168663319597947 0.021833829746817017 0.9997966612391808 -1.493376092960485
33 253.81698408187506 0.18581515650178765 0.021901438212789177 0.9999896429162748 -1.4934620525064848
33 253.81698408187506 0.18581515650178765 0.021901438212789177 0.9999896429162748 -1.4934620525064848
33 253.82574105733735 0.18533956275814567 0.02190141923879823 0.9999896429162748 -1.4937280042530943
33 253.82290760879988 0.18599016263517676 0.021901420371997635 0.9999896429162748 -1.4935074344388077
33 253.81567259996962 0.18575076485822428 0.02190144501114437 0.9999896429162748 -1.4937498587794535
33 253.81678379470088 0.18557895987679568 0.021901413573642444 0.9999896429162748 -1.4934855766612185
33 253.8169703429617 0.18581515650178765 0.02190141923879823 0.9999896429162748 -1.4934620525064848
33 253.81698408187506 0.18581515650178765 0.021901438212789177 0.9999896429162748 -1.4934620525064848
33 253.8169989543401 0.18581590258433034 0.021901438212789177 0.9999896429162748 -1.4934620525064848
33 253.8173563804446 0.18582361917733858 0.021901420371997635 0.9999896429162748 -1.4933098116553056
33 255.10486485103164 0.18581515650178765 0.02100351198460941 0.9999896429162748 -1.4934620525064848
33 253.81698275144538 0.18581515650178765 0.021901436375516323 0.9999896429162748 -1.4934620525064848
33 272.25199267997857 0.168663319597947 0.024364390280478307 0.9997966612391808 -1.1702485801844091
34 253.81698408187506 0.18581515650178765 0.021901438212789177 0.9999896429162748 -1.4934620525064848
34 253.81396502816585 0.18582436525988033 0.021901420371997635 0.9999896429162748 -1.4957701834563306
34 274.80752692772063 0.18582170950738508 0.024710824103708597 0.9999896429162748 -1.496290189518479
34 491.7779496039416 0.0548272441610547 0.021649437690660637 0.9999896429162748 -1.4934620525064848
34 253.81698408187506 0.18581515650178765 0.021901438212789177 0.9999896429162748 -1.4934620525064848
34 253.81698408187506 0.18581515650178765 0.021901438212789177 0.9999896429162748 -1.4934620525064848
34 1648.097300667885 0.30375610973781536 0.02112148761614684 0.9999896429162748 -1.4934620525064848
34 257.9995683085037 0.18581515650178765 0.021901438212789177 0.9999896429162748 -0.7189472348241768
34 253.8169703429617 0.18581515650178765 0.02190141923879823 0.9999896429162748 -1.4934620525064848
34 253.81678379470088 0.18557895987679568 0.021901413573642444 0.9999896429162748 -1.4934855766612185
34 253.8174764310301 0.1858492802884023 0.021901434974868107 0.9999896429162748 -1.4936632246340453
34 257.7299072807808 0.18571664107728486 0.023036801624737677 0.9999930816115508 -1.4949756895841075
34 253.81698275144538 0.18581515650178765 0.021901436375516323 0.9999896429162748 -1.4934620525064848
34 253.81698408187506 0.18581515650178765 0.021901438212789177 0.9999896429162748 -1.4934620525064848
34 253.8165749028882 0.18581515650178765 0.021901433280351063 0.9999896429162748 -1.493757495034522
34 255.80202574317636 0.18582436525988033 0.022674060084875745 0.9999896429162748 -1.4962692500685268
34 257.69545025852074 0.18581590258433034 0.021901438212789177 0.9999896429162748 -0.7432023606436982
34 253.81698408187506 0.18581515650178765 0.021901438212789177 0.9999896429162748 -1.4934620525064848
34 253.81698275144538 0.18581515650178765 0.021901436375516323 0.9999896429162748 -1.4934620525064848
35 253.81438000140514 0.18584412847348492 0.021901420371997635 0.9999896429162748 -1.4957701834563306
35 257.7287295077615 0.18569687787012862 0.023036801624737677 0.9999930816115508 -1.4949756895841075
35 254.41358871396378 0.18582330160138544 0.022273196285706766 0.9999896429162748 -1.4951321159787716
35 254.48886043570744 0.18581622016028332 0.022302332345232663 0.9999896429162748 -1.4945940642594122
35 470.2931419715925 0.07245177670037589 0.021901420371997635 0.9999896429162748 -1.4957701834563306
35 254.05289924531428 0.18582436525988033 0.021901420371997635 0.9999901854577626 -1.3614227565998442
35 253.8166615108757 0.18581515650178765 0.021901438212789177 0.999992514385323 -1.4934620525064848
35 253.81698408187506 0.18581515650178765 0.021901438212789177 0.9999896429162748 -1.4934620525064848
35 253.8170713114827 0.18581420417717076 0.021901438504191816 0.9999896429162748 -1.493387438024614
35 253.81739200507124 0.18585023261309014 0.021901434683465466 0.9999896429162748 -1.4937377849497695
35 261.8012247201748 0.16250667819653808 0.021901438212789177 0.99999996755247 -1.4934620525064848
35 253.8165749028882 0.18581515650178765 0.021901433280351063 0.9999896429162748 -1.493757495034522
35 253.81698269849508 0.18581515650178765 0.021901436302393672 0.9999896429162748 -1.4934620525064848
35 253.81698413482584 0.18581515650178765 0.021901438285911828 0.9999896429162748 -1.4934620525064848
35 253.81396502816585 0.18582436525988033 0.021901420371997635 0.9999896429162748 -1.4957701834563306
35 253.8165749028882 0.18581515650178765 0.021901433280351063 0.9999896429162748 -1.493757495034522
35 253.8173021184517 0.1858300898467073 0.021901413573642444 0.9999896429162748 -1.493448764230236
35 253.81707851164612 0.185564026563393 0.021901438212789177 0.9999896429162748 -1.4934988647732774
35 253.81698275144538 0.18581515650178765 0.021901436375516323 0.9999896429162748 -1.4934620525064848
36 281.83824588410266 0.21076846664588955 0.021901420371997635 0.9999896429162748 -1.3735170629167266
36 253.81932494287094 0.1858147241489495 0.021901436375516323 0.9999896429162748 -1.4917684187674671
36 3201.6628150263386 0.31861188536150775 0.021901438212789177 0.999992514385323 -1.303721008467819
36 253.8170713114827 0.18581420417717076 0.021901438504191816 0.9999896429162748 -1.493387438024614
36 253.81396502816585 0.18582436525988033 0.021901420371997635 0.9999896429162748 -1.4957701834563306
36 253.81396502816585 0.18582436525988033 0.021901420371997635 0.9999896429162748 -1.4957701834563306
36 253.81438000140514 0.18584412847348492 0.021901420371997635 0.9999896429162748 -1.4957701834563306
36 253.81396502816585 0.18582436525988033 0.021901420371997635 0.9999896429162748 -1.4957701834563306
36 253.81435849641244 0.18584302111773665 0.021901425134618138 0.9999896429162748 -1.4957701834563306
36 12239.443299760615 0.34364512651722134 0.021496423626625138 0.9999896429162748 -1.4937377849497695
36 6126.745810514884 0.4428464445170616 0.021901420371997635 0.9999893557658833 -1.4928864190253543
36 321.5665946717719 0.18581515650178765 0.021745197574787944 0.7879191523545437 -1.496280336494254
36 253.81835232270777 0.1858447642517571 0.021901420371997635 0.9999896429162748 -1.4929527991480807
36 254.39989173677196 0.1858135683989437 0.022270028747918138 0.9999896429162748 -1.498688174675132
36 253.81507569903357 0.185564026563393 0.021901438212789177 0.9999928485776415 -1.4949160156034054
36 255.40402784006002 0.18581515650178765 0.021901436375516323 0.9999896429162748 -1.008482426436084
36 254.4331529424145 0.18581622016028332 0.02228077395614005 0.9999896429162748 -1.4945940642594122
36 281.76067030089234 0.18582436525988033 0.02192317214810205 0.8765694347055544 -1.4957701834563306
36 253.8165749028882 0.18581515650178765 0.021901433280351063 0.9999896429162748 -1.493757495034522
37 253.81387879690934 0.18582436525988033 0.02190142224152429 0.9999904229087831 -1.4957701834563306
37 253.8151614803409 0.185564026563393 0.02190143634326252 0.9999920616600828 -1.4949160156034054
37 281.70001417702474 0.18582436525988033 0.021898516701235562 0.8765694347055544 -1.4957701834563306
37 253.8332617798451 0.18582436525988033 0.02192607597070341 0.9999896429162748 -1.4957701834563306
37 457.9937800398416 0.07524033134662422 0.02228077395614005 0.9999968128626123 -1.4945940642594122
37 255.40402784006002 0.18581515650178765 0.021901436375516323 0.9999896429162748 -1.008482426436084
37 313.5375614400347 0.18582436525988033 0.021901420371997635 0.8036189323886773 -1.4957701834563306
37 281.83824588410266 0.21076846664588955 0.021901420371997635 0.9999896429162748 -1.3735170629167266
37 321.7316317435221 0.18581515650178765 0.021794555529562713 0.7879191523545437 -1.4955750155080545
37 253.78312798001195 0.18582436525988033 0.02185207127063108 0.9999896429162748 -1.4964730987971693
37 255.5440558786501 0.18584302111773665 0.020889056252678596 0.9999990616215675 -1.4957701834563306
37 253.81435849641244 0.18584302111773665 0.021901425134618138 0.9999896429162748 -1.4957701834563306
37 253.81835232270777 0.1858447642517571 0.021901420371997635 0.9999896429162748 -1.4929527991480807
37 253.81435849641244 0.18584302111773665 0.021901425134618138 0.9999896429162748 -1.4957701834563306
37 253.81396502816585 0.18582436525988033 0.021901420371997635 0.9999896429162748 -1.4957701834563306
37 253.81835232270777 0.1858447642517571 0.021901420371997635 0.9999896429162748 -1.4929527991480807
37 253.8154761040431 0.18582436525988033 0.021901420371997635 0.9999896429162748 -1.4946788731945606
37 253.8168214312543 0.1858447642517571 0.021901420371997635 0.9999896429162748 -1.4940390380361113
37 253.81396502816585 0.18582436525988033 0.021901420371997635 0.9999896429162748 -1.4957701834563306
38 296.5001556802561 0.21900586857160176 0.021901420371997635 0.9999896429162748 -1.4984610403124439
38 253.81396502816585 0.18582436525988033 0.021901420371997635 0.9999896429162748 -1.4957701834563306
38 253.81363327834305 0.18579889300544117 0.0219014107957576 0.9999896429162748 -1.495686211394244
38 253.81455871524 0.18558949883742903 0.021901445919502556 0.9999920616600828 -1.4949992639444367
38 253.8154761040431 0.18582436525988033 0.021901420371997635 0.9999896429162748 -1.4946788731945606
38 253.81396502816585 0.18582436525988033 0.021901420371997635 0.9999896429162748 -1.4957701834563306
38 253.81545730258642 0.185564026563393 0.021901417939538623 0.9999892717025636 -1.4949160156034054
38 253.81517785299323 0.18582436525988033 0.02190143877572153 0.9999924164460516 -1.4946788731945606
38 253.8157897392043 0.1858524140489911 0.021901421819224217 0.9999920616600828 -1.4947129683784142
38 253.81638097998479 0.18555637680558312 0.021901434896035934 0.9999896429162748 -1.4942417133083854
38 263.5922702650574 0.18551700489333056 0.023776216198944565 0.9999920616600828 -1.49455798056925
38 470.67938059755204 0.06867554454364418 0.021891591702256383 0.9999896429162748 -1.4968019833381552
38 253.81316441865994 0.18582436525988033 0.021901420371997635 0.9999896429162748 -1.4963526337803597
38 253.78391582815584 0.18582436525988033 0.02185207127063108 0.9999896429162748 -1.4958901727857892
38 253.81396502816585 0.18582436525988033 0.021901420371997635 0.9999896429162748 -1.4957701834563306
38 253.78312798001195 0.18582436525988033 0.02185207127063108 0.9999896429162748 -1.4964730987971693
38 253.81496899803125 0.18582436525988033 0.021901420371997635 0.9999896429162748 -1.4950434498446248
38 253.81446887781527 0.18582436525988033 0.021901420371997635 0.9999896429162748 -1.4954050148203974
38 253.81396502816585 0.18582436525988033 0.021901420371997635 0.9999896429162748 -1.4957701834563306
39 253.78471763371127 0.18582436525988033 0.02185207127063108 0.9999923725254646 -1.4950758728039304
39 253.81356155555068 0.18582436525988033 0.02190143877572153 0.9999896787408832 -1.4960709313279994
39 255.602015416924 0.185564026563393 0.020879527104758308 0.9999894003271186 -1.4949160156034054
39 253.81455871524 0.18558949883742903 0.021901445919502556 0.9999920616600828 -1.4949992639444367
39 253.81396502816585 0.18582436525988033 0.021901420371997635 0.9999896429162748 -1.4957701834563306
39 253.78312798001195 0.18582436525988033 0.02185207127063108 0.9999896429162748 -1.4964730987971693
39 253.78391582815584 0.18582436525988033 0.02185207127063108 0.9999896429162748 -1.4958901727857892
39 253.80860626388673 0.18582436525988033 0.021901420371997635 0.9999896429162748 -1.4996901703981353
39 253.81446705159846 0.18582436525988033 0.021901420371997635 0.999989659177235 -1.4954050148203974
39 253.81545910490257 0.185564026563393 0.021901417939538623 0.9999892554202329 -1.4949160156034054
39 263.0720623483931 0.185564026563393 0.023721636949229945 0.9999892717025636 -1.4949160156034054
39 253.81363327834305 0.18579889300544117 0.0219014107957576 0.9999896429162748 -1.495686211394244
39 253.81723870349228 0.18592779058209552 0.021901435158501528 0.9999949973782388 -1.4951036534222406
39 294.31443450920153 0.13331444676650323 0.02190142010953204 0.9999896429162748 -1.4945421858609964
39 429.4603092937952 0.08568246560822138 0.023776216198944565 0.9999920616600828 -1.450861410157414
39 253.81429625707173 0.18558949883742903 0.021901445919502556 0.9999920616600828 -1.495222156811654
39 253.8112785817255 0.18582436525988033 0.021901420371997635 0.9999896429162748 -1.4977270191848027
39 253.78312798001195 0.18582436525988033 0.02185207127063108 0.9999896429162748 -1.4964730987971693
39 253.81396502816585 0.18582436525988033 0.021901420371997635 0.9999896429162748 -1.4957701834563306
40 253.81356155555068 0.18582436525988033 0.02190143877572153 0.9999896787408832 -1.4960709313279994
40 390.4403422436155 0.09593791926815201 0.02185207127063108 0.9999923725254646 -1.4950758728039304
40 253.81356155555068 0.18582436525988033 0.02190143877572153 0.9999896787408832 -1.4960709313279994
40 253.81356155555068 0.18582436525988033 0.02190143877572153 0.9999896787408832 -1.4960709313279994
40 255.60200882994533 0.185564026563393 0.020879527104758308 0.9999894665875756 -1.4949160156034054
40 253.78313538628282 0.18582436525988033 0.02185207127063108 0.9999895766539741 -1.4964730987971693
40 253.78312798001195 0.18582436525988033 0.02185207127063108 0.9999896429162748 -1.4964730987971693
40 253.78312798001195 0.18582436525988033 0.02185207127063108 0.9999896429162748 -1.4964730987971693
40 9283.469157284942 0.48269838442679 0.0219014107957576 0.8602210600404845 -1.4958723634600128
40 253.78416978163492 0.18582436525988033 0.02185207127063108 0.9999896429162748 -1.495704008380708
40 253.77713312249114 0.18582436525988033 0.021838918257349457 0.9999896429162748 -1.4964730987971693
40 253.8239004032174 0.18582436525988033 0.021914577251230243 0.9999896429162748 -1.4957701834563306
40 253.81367981623055 0.18582436525988033 0.021901420371997635 0.9999921829375688 -1.4957701834563306
40 253.81484123627527 0.18558949883742903 0.021901445919502556 0.9999895132232451 -1.4949992639444367
40 253.81545910490257 0.185564026563393 0.021901417939538623 0.9999892554202329 -1.4949160156034054
40 253.81429625707173 0.18558949883742903 0.021901445919502556 0.9999920616600828 -1.495222156811654
40 253.78605019237864 0.18582436525988033 0.021865239158155185 0.9999896429162748 -1.4993695345016282
40 260.47507718942046 0.18582436525988033 0.02188825280220416 0.9999896429162748 -0.5678981637098051
40 253.81363327834305 0.18579889300544117 0.0219014107957576 0.9999896429162748 -1.495686211394244
41 253.81356155555068 0.18582436525988033 0.02190143877572153 0.9999896787408832 -1.4960709313279994
41 253.81120241231557 0.18582436525988033 0.02190143877572153 0.9999896787408832 -1.4977901806182023
41 253.81425986235905 0.18558949883742903 0.021901445919502556 0.9999923899911942 -1.495222156811654
41 352.28148418401804 0.10308103586568299 0.021901445919502556 0.9670784736726667 -1.4949992639444367
41 253.81356155555068 0.18582436525988033 0.02190143877572153 0.9999896787408832 -1.4960709313279994
41 253.81484123627527 0.18558949883742903 0.021901445919502556 0.9999895132232451 -1.4949992639444367
41 6306.737457987035 0.42902859256575826 0.021839827734482085 0.9999896429162748 -1.4964730987971693
41 253.78258539172174 0.18582436525988033 0.02185207127063108 0.9999944974893101 -1.4964730987971693
41 253.78605019237864 0.18582436525988033 0.021865239158155185 0.9999896429162748 -1.4993695345016282
41 253.81484123627527 0.18558949883742903 0.021901445919502556 0.9999895132232451 -1.4949992639444367
41 262.59951939910394 0.16182988498018902 0.021901420371997635 0.9999896783987384 -1.4957701834563306
41 253.78284872272067 0.18582436525988033 0.02185207127063108 0.9999921414118353 -1.4964730987971693
41 253.78313048006643 0.18582436525988033 0.02185207127063108 0.9999896205488232 -1.4964730987971693
41 253.78313288623002 0.18582436525988033 0.02185207127063108 0.9999895990213984 -1.4964730987971693
41 253.82042969121608 0.18579889300544117 0.021910550563698537 0.9999896429162748 -1.495686211394244
41 269.1946770117015 0.18582436525988033 0.024285412617862868 0.9999896429162748 -1.4964730987971693
41 253.81992587647713 0.1854276379279619 0.021901445919502556 0.9999895132232451 -1.4950086097544246
41 253.8182761801647 0.1859607543010786 0.0219014107957576 0.9999896429162748 -1.495676410947557
41 253.8239004032174 0.18582436525988033 0.021914577251230243 0.9999896429162748 -1.4957701834563306
42 253.78605019237864 0.18582436525988033 0.021865239158155185 0.9999896429162748 -1.4993695345016282
42 253.78605019237864 0.18582436525988033 0.021865239158155185 0.9999896429162748 -1.4993695345016282
42 253.78925853459882 0.18582436525988033 0.021870942410548166 0.9999896429162748 -1.4993695345016282
42 253.78042948454043 0.18582436525988033 0.021846368167682793 0.9999896205488232 -1.4964730987971693
42 253.78260163218926 0.18582436525988033 0.02185207127063108 0.9999944974893101 -1.4964605885705402
42 253.82388676815876 0.18582436525988033 0.021914577251230243 0.9999896429162748 -1.4957819956823561
42 253.81992587647713 0.1854276379279619 0.021901445919502556 0.9999895132232451 -1.4950086097544246
42 253.81484123627527 0.18558949883742903 0.021901445919502556 0.9999895132232451 -1.4949992639444367
42 253.81356155555068 0.18582436525988033 0.02190143877572153 0.9999896787408832 -1.4960709313279994
42 253.81356155555068 0.18582436525988033 0.02190143877572153 0.9999896787408832 -1.4960709313279994
42 253.81245867336693 0.185549691124681 0.021896894868254368 0.9999895990213984 -1.4950534995663023
42 253.78476414547512 0.18570231209637544 0.021856622878443237 0.9999895132232451 -1.4964231110552215
42 253.82042969121608 0.18579889300544117 0.021910550563698537 0.9999896429162748 -1.495686211394244
42 253.78258539172174 0.18582436525988033 0.02185207127063108 0.9999944974893101 -1.4964730987971693
42 253.7908248098043 0.18582436525988033 0.021873630112209715 0.9999896396201675 -1.4993695345016282
42 253.8053053677877 0.18582436525988033 0.02189304796399267 0.9999896820369617 -1.4977901806182023
42 257.04926332598177 0.18582436525988033 0.021838918257349457 0.9752637826617296 -1.4978904996812779
42 253.81317063749665 0.18582436525988033 0.02190143877572153 0.9999896777437395 -1.4963551803085793
42 269.7484969702534 0.15826234334419897 0.022773123738247907 0.9999896429162748 -1.4964730987971693
43 253.78868907018963 0.18591405059589622 0.021856622878443237 0.9999896161303747 -1.4956028341229572
43 253.78970197551942 0.18561262682969754 0.021870942410548166 0.9999895400087766 -1.499541518018219
43 253.7839725854292 0.18579844721172073 0.02185207127063108 0.9999896498597584 -1.4955893024972267
43 253.7852604666358 0.18582436525988033 0.021865239158155185 0.9999944331721033 -1.4995592030184692
43 393.72579493664983 0.08667970002931777 0.021865239158155185 0.9104491803300729 -1.4993695345016282
43 253.8053053677877 0.18582436525988033 0.02189304796399267 0.9999896820369617 -1.4977901806182023
43 254.73375881173925 0.18582436525988033 0.021870942410548166 0.9999896429162748 -1.1371581299734843
43 253.81317063749665 0.18582436525988033 0.02190143877572153 0.9999896777437395 -1.4963551803085793
43 253.80283298146693 0.18582436525988033 0.02189304796399267 0.9999896820369617 -1.4996116377986313
43 253.78897536267698 0.18582436525988033 0.021865239158155185 0.9999896429162748 -1.497199224002719
43 255.21803761154925 0.18582436525988033 0.02253338807546894 0.9999896429162748 -1.4993695345016282
43 253.78605019237864 0.18582436525988033 0.021865239158155185 0.9999896429162748 -1.4993695345016282
43 253.78367040676494 0.18582436525988033 0.021860818451847737 0.9999896429162748 -1.4993695345016282
43 253.78250958363708 0.18582436525988033 0.02185078889510858 0.9999896205488232 -1.4964730987971693
43 253.78155749518493 0.18582436525988033 0.021858030803213392 0.999995555209749 -1.4993695345016282
43 253.7907838015133 0.18582436525988033 0.021867670605748336 0.9999944974893101 -1.4964605885705402
43 253.78913198576308 0.18572016565981592 0.02186165131976503 0.9999894735840715 -1.4949992639444367
43 253.81089207016493 0.18569369843950895 0.021905034353187212 0.9999896825512089 -1.4994061029198482
43 253.78260163218926 0.18582436525988033 0.02185207127063108 0.9999944974893101 -1.4964605885705402
44 255.27502942741026 0.18582436525988033 0.02185078889510858 0.9877342292071716 -1.4964730987971693
44 253.77713312249114 0.18582436525988033 0.021838918257349457 0.9999896429162748 -1.4964730987971693
44 253.78155749518493 0.18582436525988033 0.021858030803213392 0.999995555209749 -1.4993695345016282
44 253.78367040676494 0.18582436525988033 0.021860818451847737 0.9999896429162748 -1.4993695345016282
44 253.78155749518493 0.18582436525988033 0.021858030803213392 0.999995555209749 -1.4993695345016282
44 253.78605019237864 0.18582436525988033 0.021865239158155185 0.9999896429162748 -1.4993695345016282
44 253.80283298146693 0.18582436525988033 0.02189304796399267 0.9999896820369617 -1.4996116377986313
44 255.21803761154925 0.18582436525988033 0.02253338807546894 0.9999896429162748 -1.4993695345016282
44 253.7831602157207 0.1856030565069972 0.02185207127063108 0.9999946201293396 -1.4964605885705402
44 253.78920100922494 0.1858339356022663 0.021870942410548166 0.999989334277791 -1.499541518018219
44 260.7956250362552 0.18582436525988033 0.021865239158155185 0.9537551061068369 -1.4995592030184692
44 253.78168485241434 0.18582436525988033 0.021858030803213392 0.9999944148524402 -1.4993695345016282
44 253.78250958363708 0.18582436525988033 0.02185078889510858 0.9999896205488232 -1.4964730987971693
44 253.81317063749665 0.18582436525988033 0.02190143877572153 0.9999896777437395 -1.4963551803085793
44 253.77713312249114 0.18582436525988033 0.021838918257349457 0.9999896429162748 -1.4964730987971693
44 253.77610333445298 0.18582436525988033 0.021838918257349457 0.9999988673868055 -1.4964730987971693
44 253.78260163218926 0.18582436525988033 0.02185207127063108 0.9999944974893101 -1.4964605885705402
44 253.89686919720342 0.18569369843950895 0.021905034353187212 0.9999896825512089 -1.4387777681367049
44 429.8116091822991 0.18582436525988033 0.02479302401472856 0.6859293499295119 -1.4964730987971693
45 253.80228168630373 0.18582436525988033 0.02189304796399267 0.9999946035796355 -1.4996116377986313
45 255.21803761154925 0.18582436525988033 0.02253338807546894 0.9999896429162748 -1.4993695345016282
45 253.78167639534834 0.18582436525988033 0.021858030803213392 0.9999944905765361 -1.4993695345016282
45 253.78261009559677 0.18582436525988033 0.02185207127063108 0.9999944217647364 -1.4964605885705402
45 253.87750896491022 0.18582436525988033 0.021838918257349457 0.9999834806489907 -1.4314545717177072
45 253.78479714467042 0.18582436525988033 0.021858030803213392 0.9999984386773221 -1.4967221920619855
45 253.77713312249114 0.18582436525988033 0.021838918257349457 0.9999896429162748 -1.4964730987971693
45 253.77610333445298 0.18582436525988033 0.021838918257349457 0.9999988673868055 -1.4964730987971693
45 253.782201601652 0.18582436525988033 0.02185207127063108 0.9999980767630587 -1.4964605885705402
45 253.77652313569556 0.18582436525988033 0.021838918257349457 0.9999951068265127 -1.4964730987971693
45 253.78920100922494 0.1858339356022663 0.021870942410548166 0.999989334277791 -1.499541518018219
45 253.77713312249114 0.18582436525988033 0.021838918257349457 0.9999896429162748 -1.4964730987971693
45 437.1749155550607 0.2479038576417787 0.021842962277729 0.9999994280876747 -1.4999181982622358
45 253.80739108504963 0.18582436525988033 0.021853986806994793 0.9999896429162748 -1.4798083799886785
45 253.78518658452938 0.18582436525988033 0.021856907547291467 0.9999940192198646 -1.4963731302629526
45 253.77914854492244 0.18582436525988033 0.02185191215258385 0.9999910954948805 -1.499258037117295
45 253.7827743815149 0.18582436525988033 0.021860877579081995 0.9999979432134289 -1.4993695345016282
45 253.78268491948964 0.18582436525988033 0.021857971676134662 0.9999851885689857 -1.4993695345016282
45 253.7831602157207 0.1856030565069972 0.02185207127063108 0.9999946201293396 -1.4964605885705402
46 253.78713548054532 0.18582436525988033 0.021858966501388872 0.9999944905765361 -1.4956801553471037
46 253.77264303701494 0.18582436525988033 0.021837982624053925 0.9999896429162748 -1.4995388453780125
46 253.78482705454869 0.18582436525988033 0.021856907547291467 0.9999952250005282 -1.4965388291812514
46 253.7768805514725 0.18582436525988033 0.021838918257349457 0.9999938977540583 -1.4963073449327682
46 253.78096830724382 0.18582436525988033 0.021849077575763754 0.9999945092931898 -1.496606233411019
46 253.80899274556418 0.1856030565069972 0.021856980507558924 0.9999896919624867 -1.47762975363418
46 253.77610333445298 0.18582436525988033 0.021838918257349457 0.9999988673868055 -1.4964730987971693
46 253.77713312249114 0.18582436525988033 0.021838918257349457 0.9999896429162748 -1.4964730987971693
46 253.77652753911659 0.18582436525988033 0.021841987491833692 0.9999951631938886 -1.4974503083212012
46 253.78258087392 0.18582436525988033 0.021857808390239365 0.9999978289077052 -1.4983312036829262
46 489.4184907814695 0.055690075740487115 0.021858030803213392 0.9999944905765361 -1.4994427263931487
46 253.78167639534834 0.18582436525988033 0.021858030803213392 0.9999944905765361 -1.4993695345016282
46 253.80228168630373 0.18582436525988033 0.02189304796399267 0.9999946035796355 -1.4996116377986313
46 253.782201601652 0.18582436525988033 0.02185207127063108 0.9999980767630587 -1.4964605885705402
46 378.6085304342711 0.18562571312329046 0.021857971676134662 0.7044200702973262 -1.4993695345016282
46 253.78349419940457 0.18580170865548523 0.02185207127063108 0.9999838368220638 -1.4964605885705402
46 253.77672805532987 0.18582436525988033 0.021841305236257217 0.9999994552418833 -1.4967225731262648
46 253.78108252598872 0.18582436525988033 0.02185564385572961 0.9999829832078626 -1.4998671014079585
46 253.77652313569556 0.18582436525988033 0.021838918257349457 0.9999951068265127 -1.4964730987971693
47 253.77264303701494 0.18582436525988033 0.021837982624053925 0.9999896429162748 -1.4995388453780125
47 253.77610333445298 0.18582436525988033 0.021838918257349457 0.9999988673868055 -1.4964730987971693
47 253.77264303701494 0.18582436525988033 0.021837982624053925 0.9999896429162748 -1.4995388453780125
47 253.77264303701494 0.18582436525988033 0.021837982624053925 0.9999896429162748 -1.4995388453780125
47 253.77679555113215 0.18582436525988033 0.021838918257349457 0.999994659101804 -1.4963073449327682
47 253.77274400710255 0.18582436525988033 0.021837982624053925 0.9999887372386114 -1.4995388453780125
47 253.78258087392 0.18582436525988033 0.021857808390239365 0.9999978289077052 -1.4983312036829262
47 253.7768805514725 0.18582436525988033 0.021838918257349457 0.9999938977540583 -1.4963073449327682
47 253.77610333445298 0.18582436525988033 0.021838918257349457 0.9999988673868055 -1.4964730987971693
47 255.75718837489273 0.18582436525988033 0.02083933968156867 0.9999988673868055 -1.4964730987971693
47 253.77610333445298 0.18582436525988033 0.021838918257349457 0.9999988673868055 -1.4964730987971693
47 253.78167639534834 0.18582436525988033 0.021858030803213392 0.9999944905765361 -1.4993695345016282
47 253.78154229959014 0.18582436525988033 0.021850284207794158 0.9999945092931898 -1.496606233411019
47 253.77601470188932 0.18582436525988033 0.02183771164152281 0.9999951068265127 -1.4964730987971693
47 253.78371970057594 0.18582436525988033 0.021861774190365037 0.9999990348254106 -1.4989282187155508
47 253.7752576827787 0.18582436525988033 0.02183756197847646 0.9999944401076638 -1.4970411301144582
47 253.77660219903748 0.18582436525988033 0.021838918257349457 0.9999943986010327 -1.4964730987971693
47 253.77608063952832 0.18582436525988033 0.021838918257349457 0.9999990706920736 -1.4964730987971693
47 253.7768805514725 0.18582436525988033 0.021838918257349457 0.9999938977540583 -1.4963073449327682
48 253.77610333445298 0.18582436525988033 0.021838918257349457 0.9999988673868055 -1.4964730987971693
48 253.77679555113215 0.18582436525988033 0.021838918257349457 0.999994659101804 -1.4963073449327682
48 253.77264303701494 0.18582436525988033 0.021837982624053925 0.9999896429162748 -1.4995388453780125
48 253.7752576827787 0.18582436525988033 0.02183756197847646 0.9999944401076638 -1.4970411301144582
48 253.77545520167124 0.18582436525988033 0.02183756197847646 0.999992670172392 -1.4970411301144582
48 319.4632147872048 0.11976564326830301 0.021837982624053925 0.9999946322308897 -1.4995388453780125
48 282.61420697209877 0.20182132679952985 0.02257446920501088 0.9999896429162748 -1.4995388453780125
48 253.77264303701494 0.18582436525988033 0.021837982624053925 0.9999896429162748 -1.4995388453780125
48 254.34956737744204 0.18582436525988033 0.02125327716138197 0.9999896429162748 -1.4995388453780125
48 253.99441110276837 0.18582436525988033 0.021837982624053925 0.9980252653385556 -1.4995388453780125
48 253.77187016301977 0.18582436525988033 0.02183803776358178 0.9999988673868055 -1.4993600378775194
48 253.77691723886238 0.18582436525988033 0.021838863117826023 0.9999924485124664 -1.4963833464913125
48 254.85308726518727 0.18582436525988033 0.02107518451062206 0.9999896429162748 -1.4995388453780125
48 253.77264303701494 0.18582436525988033 0.021837982624053925 0.9999896429162748 -1.4995388453780125
48 253.77410267333786 0.18582436525988033 0.02183756197847646 0.9999944401076638 -1.4979078141343125
48 253.78375419349504 0.18582436525988033 0.021857808390239365 0.9999978289077052 -1.497460083650514
48 253.7752576827787 0.18582436525988033 0.02183756197847646 0.9999944401076638 -1.4970411301144582
48 253.77610333445298 0.18582436525988033 0.021838918257349457 0.9999988673868055 -1.4964730987971693
48 253.77608063952832 0.18582436525988033 0.021838918257349457 0.9999990706920736 -1.4964730987971693
49 253.7721618679364 0.18582436525988033 0.021837476959133184 0.9999896429162748 -1.4997433034188958
49 253.77697206502998 0.18582436525988033 0.021838067643399087 0.9999944401076638 -1.4959283054149999
49 253.7765291116811 0.18582436525988033 0.02183875644016568 0.9999896429162748 -1.4968714588896481
49 253.77325616208392 0.18582436525988033 0.021838089301717434 0.9999924485124664 -1.4988731425771888
49 253.77298696298126 0.18582436525988033 0.021837565075706552 0.9999966494785308 -1.4985481734058017
49 253.77505385351228 0.18582436525988033 0.021837979526824283 0.9999865196691409 -1.49798848834748
49 330.3775696650019 0.11417945294506782 0.021837982624053925 0.9999880643823263 -1.4992529328090811
49 253.77150058868094 0.18582436525988033 0.02183803776358178 0.9999989273449358 -1.4996356067028622
49 255.640689908448 0.18582436525988033 0.021837982624053925 0.9849338130594036 -1.4995388453780125
49 253.77264303701494 0.18582436525988033 0.021837982624053925 0.9999896429162748 -1.4995388453780125
49 253.77410267333786 0.18582436525988033 0.02183756197847646 0.9999944401076638 -1.4979078141343125
49 253.77610333445298 0.18582436525988033 0.021838918257349457 0.9999988673868055 -1.4964730987971693
49 253.7746666128482 0.18582436525988033 0.02183756197847646 0.999999051733237 -1.4971023828672987
49 253.77618456084414 0.18582436525988033 0.021838918257349457 0.9999988915082537 -1.4964105388392006
49 253.78375419349504 0.18582436525988033 0.021857808390239365 0.9999978289077052 -1.497460083650514
49 253.77410267333786 0.18582436525988033 0.02183756197847646 0.9999944401076638 -1.4979078141343125
49 273.05096928273565 0.18582436525988033 0.024585077638389585 0.9999896429162748 -1.4995388453780125
49 253.77264303701494 0.18582436525988033 0.021837982624053925 0.9999896429162748 -1.4995388453780125
49 253.7752576827787 0.18582436525988033 0.02183756197847646 0.9999944401076638 -1.4970411301144582
50 253.77150058868094 0.18582436525988033 0.02183803776358178 0.9999989273449358 -1.4996356067028622
50 5955.73373292909 0.32785820792787707 0.02473786657555603 0.9698138776132471 -1.411330985009653
50 253.77563690581738 0.18582436525988033 0.021840188315118497 0.9999944401076638 -1.4975924239125271
50 253.77467357139196 0.18582436525988033 0.021836291921387824 0.9999988915082537 -1.4967182054283403
50 253.86444819102297 0.18582436525988033 0.021838671297459696 0.9999878701477879 -1.4387757372420136
50 253.77482551509752 0.18582436525988033 0.021837647121191392 0.9999958037665865 -1.4972785720760384
50 253.77296512098172 0.18582436525988033 0.021838079201129606 0.9999944401076638 -1.4989236322873616
50 253.77442517578714 0.18582436525988033 0.021837572079065153 0.9999924485124664 -1.4978382729057376
50 253.77539324165565 0.18582436525988033 0.02183878553060511 0.9999865196691409 -1.49798848834748
50 253.77618944224918 0.18582436525988033 0.021837950436388896 0.9999896429162748 -1.4968714588896481
50 253.77610333445298 0.18582436525988033 0.021838918257349457 0.9999988673868055 -1.4964730987971693
50 256.5577313130094 0.18582436525988033 0.02075975773173708 0.9956872724128247 -1.4993600378775194
50 253.77410267333786 0.18582436525988033 0.02183756197847646 0.9999944401076638 -1.4979078141343125
50 253.7721618679364 0.18582436525988033 0.021837476959133184 0.9999896429162748 -1.4997433034188958
50 253.77379545454585 0.18582436525988033 0.02183696323991055 0.9999902470246285 -1.4983018847334078
50 253.7735406439814 0.18582436525988033 0.021838493246088445 0.9999858883687136 -1.4993380266923937
50 253.7746666128482 0.18582436525988033 0.02183756197847646 0.999999051733237 -1.4971023828672987
50 253.77264303701494 0.18582436525988033 0.021837982624053925 0.9999896429162748 -1.4995388453780125
50 253.7752576827787 0.18582436525988033 0.02183756197847646 0.9999944401076638 -1.4970411301144582
