1 620.7265621152769 0.2490316792329133 0.02133488911024557 0.9619927526274964
1 548.5747901893492 0.2620502012413816 0.023682356070820063 0.8060196924537468
1 958.5483713614096 0.062345069472403064 0.023682356070820063 0.8060196924537468
1 825.2434507676991 0.7586580806922232 0.02364865893346909 0.7217368548728205
1 920.2320285040146 0.8975705893196031 0.020434694163147082 0.6531530918111623
1 800.9926189807368 0.6656336159842638 0.023045655028334944 0.5000464981251377
1 873.4818763333234 0.8167718596106612 0.02364865893346909 0.7099809384317448
1 564.3159997977202 0.27115134204297864 0.020505007147048646 0.5667841618660553
1 654.4242125553541 0.2665033618689695 0.021431466912782447 0.47177888172356475
1 877.9865794963289 0.07520917119967044 0.021011294929062122 0.789930662667714
1 1348.3990090423697 0.9799775361887582 0.02133488911024557 0.9619927526274964
1 620.7265621152769 0.2490316792329133 0.02133488911024557 0.9619927526274964
1 790.5224429877933 0.5196540091011117 0.023045655028334944 0.44761477539859174
1 819.6731397700433 0.6656336159842638 0.02454560313871662 0.5026831889188582
1 890.4141297967861 0.7994303234854265 0.020524570792698094 0.49328769988706894
1 711.4993927070477 0.6539002220511801 0.02182416089485042 0.6221085802701296
1 587.4541847276796 0.27115134204297864 0.020505007147048646 0.5329939630486491
1 560.3257706062946 0.2620502012413816 0.023682356070820063 0.8426723854010187
1 669.923497604726 0.5676944065730558 0.021102203110203485 0.7535594103255452
2 822.1926441816624 0.7279695730607926 0.02364865893346909 0.7679782821266176
2 738.3233237376379 0.4687452265089654 0.02454560313871662 0.47537876950591845
2 620.7265621152769 0.2490316792329133 0.02133488911024557 0.9619927526274964
2 819.6731397700433 0.6656336159842638 0.02454560313871662 0.5026831889188582
2 548.5747901893492 0.2620502012413816 0.023682356070820063 0.8060196924537468
2 548.5747901893492 0.2620502012413816 0.023682356070820063 0.8060196924537468
2 799.112264789296 0.08986177702490457 0.02364865893346909 0.7217368548728205
2 963.1178822193077 0.9547090985549587 0.021392355566300477 0.5667841618660553
2 783.5576072179101 0.10020799047101435 0.023682356070820063 0.8720523828513831
2 890.4141297967861 0.7994303234854265 0.020524570792698094 0.49328769988706894
2 790.4239227944323 0.6656336159842638 0.021729373556143742 0.5000464981251377
2 662.8013636462443 0.2665033618689695 0.022719968120825357 0.47177888172356475
2 566.3695665490857 0.27631455692544865 0.020003780778249238 0.5667841618660553
2 561.0971457392405 0.25689491461471126 0.023682356070820063 0.8426723854010187
2 548.5747901893492 0.2620502012413816 0.023682356070820063 0.8060196924537468
2 868.9807873610025 0.7166251931983876 0.023682356070820063 0.8426723854010187
2 610.2287469589336 0.27115134204297864 0.020800462607649693 0.5072984778932232
2 746.8114222479148 0.6656336159842638 0.022860808139519555 0.5599165116870763
2 595.5328764177989 0.4800071027833318 0.02182416089485042 0.6221085802701296
3 662.8013636462443 0.2665033618689695 0.022719968120825357 0.47177888172356475
3 799.112264789296 0.08986177702490457 0.02364865893346909 0.7217368548728205
3 653.8302828634785 0.2665033618689695 0.02123457003590541 0.47177888172356475
3 569.4051610176765 0.25689491461471126 0.02466600308436301 0.8426723854010187
3 557.3167498420037 0.23158850792419933 0.023682356070820063 0.8060196924537468
3 548.5747901893492 0.2620502012413816 0.023682356070820063 0.8060196924537468
3 548.5747901893492 0.2620502012413816 0.023682356070820063 0.8060196924537468
3 548.5747901893492 0.2620502012413816 0.023682356070820063 0.8060196924537468
3 573.0591056244252 0.25689491461471126 0.023682356070820063 0.8732684447815078
3 801.5385528181724 0.09332877619575672 0.023682356070820063 0.8414045948082616
3 548.5747901893492 0.2620502012413816 0.023682356070820063 0.8060196924537468
3 566.3695665490857 0.27631455692544865 0.020003780778249238 0.5667841618660553
3 868.9807873610025 0.7166251931983876 0.023682356070820063 0.8426723854010187
3 547.112838384812 0.27610216302006874 0.023682356070820063 0.8060196924537468
3 662.8013636462443 0.2665033618689695 0.022719968120825357 0.47177888172356475
3 963.1178822193077 0.9547090985549587 0.021392355566300477 0.5667841618660553
3 622.9697898140763 0.1527913352280178 0.02080303094270669 0.7217368548728205
3 998.7524672048214 0.059027329511680646 0.023037455951311393 0.5667841618660553
3 629.636746242097 0.2490316792329133 0.02133488911024557 0.9766241811876529
4 888.2027112038033 0.7166251931983876 0.023682356070820063 0.8630963185831175
4 543.26586452639 0.2620502012413816 0.023682356070820063 0.7848785519260861
4 571.292100182981 0.2718073918644466 0.024537064978396694 0.8556247763896577
4 545.8854548355654 0.26119207056233384 0.02377547805664562 0.7927193138606758
4 548.5747901893492 0.2620502012413816 0.023682356070820063 0.8060196924537468
4 662.8013636462443 0.2665033618689695 0.022719968120825357 0.47177888172356475
4 548.5747901893492 0.2620502012413816 0.023682356070820063 0.8060196924537468
4 569.4051610176765 0.25689491461471126 0.02466600308436301 0.8426723854010187
4 580.1598013805633 0.23158850792419933 0.023682356070820063 0.8747208905408419
4 626.4339541005434 0.1527913352280178 0.02080303094270669 0.6457015312754676
4 548.5747901893492 0.2620502012413816 0.023682356070820063 0.8060196924537468
4 538.746793846205 0.2620502012413816 0.023682356070820063 0.6591889709939913
4 547.112838384812 0.27610216302006874 0.023682356070820063 0.8060196924537468
4 662.8013636462443 0.2665033618689695 0.022719968120825357 0.47177888172356475
4 548.5747901893492 0.2620502012413816 0.023682356070820063 0.8060196924537468
4 573.0591056244252 0.25689491461471126 0.023682356070820063 0.8732684447815078
4 548.5747901893492 0.2620502012413816 0.023682356070820063 0.8060196924537468
4 622.9697898140763 0.1527913352280178 0.02080303094270669 0.7217368548728205
4 548.5747901893492 0.2620502012413816 0.023682356070820063 0.8060196924537468
5 540.1390984399983 0.2562291114661541 0.023682356070820063 0.6591889709939913
5 568.5654895410394 0.26271624917580466 0.02466600308436301 0.8426723854010187
5 549.1356308610522 0.2620502012413816 0.023682356070820063 0.8080238461379874
5 557.9280834705888 0.22532155954891037 0.024072745296540802 0.7828631136013666
5 547.1394129959128 0.27561829755643164 0.023682356070820063 0.8060196924537468
5 548.499580600073 0.2625355980491094 0.023682356070820063 0.8060196924537468
5 548.7138382062101 0.2611824244390773 0.023682356070820063 0.8060196924537468
5 545.7389743648885 0.2620598478161044 0.02377547805664562 0.7927193138606758
5 548.5747901893492 0.2620502012413816 0.023682356070820063 0.8060196924537468
5 538.746793846205 0.2620502012413816 0.023682356070820063 0.6591889709939913
5 544.0228271225337 0.27610216302006874 0.023682356070820063 0.7947099918145479
5 553.3654220222944 0.26119207056233384 0.024327994035449687 0.8040280574294683
5 664.5502478484594 0.13633890572037666 0.02080303094270669 0.7910363696143328
5 540.9880327628663 0.28344763715576987 0.023971871053213578 0.6470967505627591
5 536.8054368898931 0.25869770039367807 0.02080303094270669 0.6457015312754676
5 605.6845813482159 0.1717133516826021 0.023682356070820063 0.8060196924537468
5 547.112838384812 0.27610216302006874 0.023682356070820063 0.8060196924537468
5 693.1120041246455 0.2620502012413816 0.024183419366421068 0.46481362995042597
5 950.5695366193523 0.8363148962482363 0.02377547805664562 0.7927193138606758
6 586.412471775394 0.18263982580791543 0.023682356070820063 0.6591889709939913
6 582.9746952170907 0.45119269406117557 0.023682356070820063 0.6591889709939913
6 605.6845813482159 0.1717133516826021 0.023682356070820063 0.8060196924537468
6 536.8054368898931 0.25869770039367807 0.02080303094270669 0.6457015312754676
6 630.7142924987842 0.23651864431758252 0.02234093644973325 0.9820881698816898
6 548.5747901893492 0.2620502012413816 0.023682356070820063 0.8060196924537468
6 547.730683428356 0.27160261620371856 0.023682356070820063 0.8070950743028807
6 616.4340472035902 0.1639262885970139 0.023682356070820063 0.8069484639057801
6 548.1789463171109 0.26421945077503933 0.023682356070820063 0.8057544687584504
6 547.9329327456469 0.2734500578433864 0.023682356070820063 0.808289055271894
6 678.7758244988679 0.5429582200097393 0.023682356070820063 0.8060196924537468
6 538.746793846205 0.2620502012413816 0.023682356070820063 0.6591889709939913
6 542.6843738567088 0.2620598478161044 0.02377547805664562 0.6447723396582242
6 548.7589155006679 0.28344763715576987 0.024296264650005568 0.7947024160171456
6 538.746793846205 0.2620502012413816 0.023682356070820063 0.6591889709939913
6 538.746793846205 0.2620502012413816 0.023682356070820063 0.6591889709939913
6 547.112838384812 0.27610216302006874 0.023682356070820063 0.8060196924537468
6 536.8054368898931 0.25869770039367807 0.02080303094270669 0.6457015312754676
6 538.746793846205 0.2620502012413816 0.023682356070820063 0.6591889709939913
7 535.3474347163893 0.26495919152177927 0.02080303094270669 0.6456933280389339
7 713.6532227038625 0.25579928700011195 0.024902644605143954 0.46085168122174114
7 535.9147889039779 0.25933899867365046 0.02080303094270669 0.6499258571290513
7 532.0289286427327 0.2614089180596577 0.021588108164445032 0.6549648575460733
7 547.730683428356 0.27160261620371856 0.023682356070820063 0.8070950743028807
7 541.4635241814412 0.2620502012413816 0.023972816564928976 0.6591889709939913
7 566.5822919738105 0.4321843981579712 0.02215080934518606 0.6457015312754676
7 531.4881949120703 0.2620502012413816 0.02233852776787178 0.6591889709939913
7 546.8757239318929 0.27160261620371856 0.023682356070820063 0.8040749455685963
7 536.3663912506896 0.25869770039367807 0.02080303094270669 0.6481982777468618
7 538.746793846205 0.2620502012413816 0.023682356070820063 0.6591889709939913
7 536.8054368898931 0.25869770039367807 0.02080303094270669 0.6457015312754676
7 636.5525558177413 0.25869770039367807 0.020382848264889904 0.9748683570200621
7 548.5747901893492 0.2620502012413816 0.023682356070820063 0.8060196924537468
7 536.8054368898931 0.25869770039367807 0.02080303094270669 0.6457015312754676
7 604.8315307244654 0.18101342505215795 0.02053651332974495 0.587575192885118
7 549.5242600485777 0.30079041580715515 0.024296264650005568 0.7947024160171456
7 623.0468021003996 0.2415751479101524 0.02080303094270669 0.5013607646226214
7 536.8054368898931 0.25869770039367807 0.02080303094270669 0.6457015312754676
8 536.8054368898931 0.25869770039367807 0.02080303094270669 0.6457015312754676
8 550.5311149716799 0.2620502012413816 0.02473520292705023 0.6591889709939913
8 538.3123500240423 0.25869770039367807 0.023147795405391504 0.6457015312754676
8 536.6924234321264 0.2620502012413816 0.020368362472685548 0.6591889709939913
8 536.945361078083 0.25815638863512524 0.02080303094270669 0.6457015312754676
8 535.2346517848877 0.2655008256422658 0.02080303094270669 0.6456933280389339
8 536.3663912506896 0.25869770039367807 0.02080303094270669 0.6481982777468618
8 541.4635241814412 0.2620502012413816 0.023972816564928976 0.6591889709939913
8 536.7123241132341 0.25871727290916374 0.02080303094270669 0.6461910368523757
8 536.0003088998928 0.25931942632120664 0.02080303094270669 0.6494363664312792
8 536.3663912506896 0.25869770039367807 0.02080303094270669 0.6481982777468618
8 536.8054368898931 0.25869770039367807 0.02080303094270669 0.6457015312754676
8 533.6976758903178 0.25869770039367807 0.02080303094270669 0.6687025695926354
8 1012.8252296475986 0.05705124809690447 0.02053651332974495 0.5678230098121719
8 531.4881949120703 0.2620502012413816 0.02233852776787178 0.6591889709939913
8 690.0556232198728 0.6203509016305015 0.02080303094270669 0.6087253164402584
8 583.6801349136974 0.25869770039367807 0.02079212494599685 0.8880279369873498
8 536.3663912506896 0.25869770039367807 0.02080303094270669 0.6481982777468618
8 535.3474347163893 0.26495919152177927 0.02080303094270669 0.6456933280389339
9 534.6998783333731 0.2682204506737558 0.02080303094270669 0.6456933280389339
9 537.8353163762905 0.2548977656345177 0.02080303094270669 0.6457015312754676
9 531.0192168787249 0.2620502012413816 0.02184647673379154 0.6591889709939913
9 534.8190946950704 0.2620502012413816 0.020645255201578467 0.6591889709939913
9 536.4348589112394 0.25870579953196515 0.02080303094270669 0.6477871258196031
9 536.6411675680524 0.2587091737708776 0.02080303094270669 0.6466021900225944
9 690.6392804734863 0.2620502012413816 0.023868637932135277 0.4632263635462905
9 536.8054368898931 0.25869770039367807 0.02080303094270669 0.6457015312754676
9 538.7819470275346 0.2620502012413816 0.020292934077380326 0.6481777175763466
9 534.1810693173852 0.25869770039367807 0.020911183121406506 0.6592098355543656
9 533.6976758903178 0.25869770039367807 0.02080303094270669 0.6687025695926354
9 536.3663912506896 0.25869770039367807 0.02080303094270669 0.6481982777468618
9 531.4344453915716 0.2620502012413816 0.022312741868946398 0.6591889709939913
9 536.0563831228175 0.25869770039367807 0.02086564629101387 0.6481982777468618
9 533.4206877631354 0.2620502012413816 0.021281183987630063 0.649618525792649
9 532.0265305074472 0.25869770039367807 0.0218755004325127 0.6577689444821904
9 548.027580765898 0.22912905506528447 0.02080303094270669 0.6457015312754676
9 532.0317435072519 0.2943400544810643 0.02080303094270669 0.6456933280389339
9 536.3663912506896 0.25869770039367807 0.02080303094270669 0.6481982777468618
10 541.7410321556083 0.25870509372019873 0.02003285111123308 0.6481982777468618
10 536.4367536440864 0.2586984062054448 0.02080303094270669 0.6477871258196031
10 531.4890346751323 0.26091768000642424 0.0218755004325127 0.6577689444821904
10 535.3497575267022 0.25983022956063373 0.020645255201578467 0.6591889709939913
10 532.0548671166353 0.2943400544810643 0.020798311848242726 0.6456933280389339
10 534.7891126086761 0.2620502012413816 0.02065018838567863 0.6591889709939913
10 572.3672158474004 0.19432006352350928 0.02080303094270669 0.6481982777468618
10 532.1891707700013 0.2899300807772789 0.02080303094270669 0.6456933280389339
10 527.5356363300523 0.29622711944565244 0.022063504014574548 0.6579069725090148
10 533.7807677057317 0.2601934279324302 0.02154482803882054 0.6469757879036526
10 531.4881949120703 0.2620502012413816 0.02233852776787178 0.6591889709939913
10 534.6998783333731 0.2682204506737558 0.02080303094270669 0.6456933280389339
10 534.1810693173852 0.25869770039367807 0.020911183121406506 0.6592098355543656
10 533.6976758903178 0.25869770039367807 0.02080303094270669 0.6687025695926354
10 534.4618717488577 0.2682204506737558 0.02085174502572567 0.6456933280389339
10 536.3663912506896 0.25869770039367807 0.02080303094270669 0.6481982777468618
10 531.0192168787249 0.2620502012413816 0.02184647673379154 0.6591889709939913
10 534.6998783333731 0.2682204506737558 0.02080303094270669 0.6456933280389339
10 531.0192168787249 0.2620502012413816 0.02184647673379154 0.6591889709939913
11 532.1891707700013 0.2899300807772789 0.02080303094270669 0.6456933280389339
11 527.5356363300523 0.29622711944565244 0.022063504014574548 0.6579069725090148
11 534.7891126086761 0.2620502012413816 0.02065018838567863 0.6591889709939913
11 531.0192168787249 0.2620502012413816 0.02184647673379154 0.6591889709939913
11 531.4890346751323 0.26091768000642424 0.0218755004325127 0.6577689444821904
11 534.4618717488577 0.2682204506737558 0.02085174502572567 0.6456933280389339
11 531.0192168787249 0.2620502012413816 0.02184647673379154 0.6591889709939913
11 531.0192168787249 0.2620502012413816 0.02184647673379154 0.6591889709939913
11 531.03067122962 0.2620502012413816 0.02198095390102566 0.6591889709939913
11 531.2436146876396 0.2620502012413816 0.02220423756828161 0.6591889709939913
11 531.4890346751323 0.26091768000642424 0.0218755004325127 0.6577689444821904
11 534.4618717488577 0.2682204506737558 0.02085174502572567 0.6456933280389339
11 527.4665970114744 0.29116568522380215 0.022066021436877928 0.6590301234225204
11 530.1377923903858 0.267126682170006 0.021844014292257536 0.6580658203965859
11 531.0192168787249 0.2620502012413816 0.02184647673379154 0.6591889709939913
11 531.4890346751323 0.26091768000642424 0.0218755004325127 0.6577689444821904
11 534.2471301303895 0.26939556218062316 0.02085174502572567 0.6456933280389339
11 536.7428283703169 0.25752472052215925 0.02080303094270669 0.6477871258196031
11 533.7807677057317 0.2601934279324302 0.02154482803882054 0.6469757879036526
12 794.1335010941132 0.756556740727023 0.02080303094270669 0.6440317661790183
12 529.920072079047 0.3289953692567938 0.02220423756828161 0.6608520285387294
12 531.0192168787249 0.2620502012413816 0.02184647673379154 0.6591889709939913
12 531.4890346751323 0.26091768000642424 0.0218755004325127 0.6577689444821904
12 531.2326647571512 0.2611260773396641 0.02184647673379154 0.6591750529503584
12 695.0492433124156 0.11919592444595689 0.0218755004325127 0.6577828630867509
12 531.2436146876396 0.2620502012413816 0.02220423756828161 0.6591889709939913
12 531.0192168787249 0.2620502012413816 0.02184647673379154 0.6591889709939913
12 611.6815930312365 0.16178283385629322 0.02085174502572567 0.6456933280389339
12 527.5356363300523 0.29622711944565244 0.022063504014574548 0.6579069725090148
12 527.6668575090026 0.2947329130511374 0.022063486863154427 0.6571411889367917
12 527.3110808823268 0.2926599162369466 0.022066038588361214 0.6597959138040428
12 531.4890346751323 0.26091768000642424 0.0218755004325127 0.6577689444821904
12 541.6261981943443 0.23089218822301122 0.022063504014574548 0.7467678162713485
12 531.0192168787249 0.2620502012413816 0.02184647673379154 0.6591889709939913
12 527.5356363300523 0.29622711944565244 0.022063504014574548 0.6579069725090148
12 527.3095214870295 0.2939151174829114 0.022027685796091594 0.6593965539677467
12 530.7342629124554 0.26438068965608813 0.02188232789257724 0.6576993909289375
12 531.0192168787249 0.2620502012413816 0.02184647673379154 0.6591889709939913
13 528.2907348177447 0.2939151174829114 0.02118581728942909 0.6601325644011251
13 544.8864733455238 0.27708224370464424 0.02197218300178405 0.8116599063172691
13 527.4782468869929 0.29725899687937163 0.02206358283693977 0.6582741313124938
13 527.3930059690806 0.2916281701561311 0.022065959766052533 0.6594287558157889
13 912.3858613705897 0.06747719251412977 0.022757928375894836 0.7225150476042982
13 550.9270359721519 0.2926599162369466 0.021223028824622202 0.5841858834583307
13 527.5312200807789 0.2897481449884742 0.022102229544105248 0.6592054638970217
13 530.3171118062899 0.2649746321262415 0.021810456645891162 0.6597794209421501
13 527.6668575090026 0.2947329130511374 0.022063486863154427 0.6571411889367917
13 527.3110808823268 0.2926599162369466 0.022066038588361214 0.6597959138040428
13 532.0966423544177 0.2591908007973657 0.022088695910451938 0.6571411889367917
13 652.5989911872229 0.13643883720923503 0.02182139090853452 0.6591889709939913
13 549.1277824388353 0.29622711944565244 0.024855607097142407 0.6579069725090148
13 531.0192168787249 0.2620502012413816 0.02184647673379154 0.6591889709939913
13 527.7891776360914 0.28299107435570264 0.02216922153358014 0.6608520285387294
13 532.6401892249952 0.3423689264567627 0.0220985243341465 0.6579069725090148
13 529.6296799599675 0.3289953692567938 0.021813528963089995 0.6607449079492453
13 527.6836991707 0.2947329130511374 0.022094887392885926 0.6572483190179588
13 527.3095214870295 0.2939151174829114 0.022027685796091594 0.6593965539677467
14 527.3095214870295 0.2939151174829114 0.022027685796091594 0.6593965539677467
14 527.4782468869929 0.29725899687937163 0.02206358283693977 0.6582741313124938
14 526.8337408642735 0.29725899687937163 0.02206358283693977 0.6628674920778426
14 528.4954875981945 0.28299107435570264 0.02216922153358014 0.6562587713522887
14 529.6296799599675 0.3289953692567938 0.021813528963089995 0.6607449079492453
14 527.6836991707 0.2947329130511374 0.022094887392885926 0.6572483190179588
14 1000.3655524404589 0.9864462823108808 0.022027685796091594 0.6592253685715717
14 530.9939647919442 0.2620502012413816 0.02184647673379154 0.6593601563913023
14 526.5099046331283 0.27106136783870766 0.021813528963089995 0.701748176148034
14 567.1857532118197 0.4373402353976259 0.022065959766052533 0.660547369906126
14 728.356260665106 0.10868485069402584 0.02122278498174101 0.6563724009290188
14 549.1891148825159 0.2926599162369466 0.021223028824622202 0.5877739217926123
14 565.3056099345408 0.41171713725690795 0.021810456645891162 0.6116221822620272
14 538.6653766731494 0.23769642359384696 0.021813528963089995 0.6606932499099967
14 527.3504816383752 0.2922163420297018 0.02209373916641768 0.6597959138040428
14 527.4842285646946 0.2901917273482102 0.022074529054592822 0.6592054638970217
14 527.6668575090026 0.2947329130511374 0.022063486863154427 0.6571411889367917
14 527.3110808823268 0.2926599162369466 0.022066038588361214 0.6597959138040428
14 538.5677482305374 0.2383749669825223 0.022027685796091594 0.6593965539677467
15 529.6296799599675 0.3289953692567938 0.021813528963089995 0.6607449079492453
15 527.3095214870295 0.2939151174829114 0.022027685796091594 0.6593965539677467
15 527.6668575090026 0.2947329130511374 0.022063486863154427 0.6571411889367917
15 527.4782468869929 0.29725899687937163 0.02206358283693977 0.6582741313124938
15 595.0340994638 0.3505860000748369 0.024743641160878266 0.5655824447514874
15 530.184239877878 0.3285848420108591 0.021342385572220495 0.6607449079492453
15 527.491253443294 0.2901917273482102 0.022074529054592822 0.659157948176733
15 581.6420062557872 0.4647709990191516 0.02209373916641768 0.6598434296031548
15 527.3095214870295 0.2939151174829114 0.022027685796091594 0.6593965539677467
15 529.6296799599675 0.3289953692567938 0.021813528963089995 0.6607449079492453
15 527.4947622866131 0.2939151174829114 0.02216562199809176 0.659173217455217
15 607.4939881048058 0.5087800492581751 0.02195701551226589 0.6574716571058865
15 545.0030114679117 0.22532645323689954 0.02219153744966092 0.6593965539677467
15 527.5730922609574 0.3074887376167819 0.022027685796091594 0.6593965539677467
15 528.7287378734909 0.2943638769364677 0.022063486863154427 0.7470638132158619
15 527.3023554074015 0.2930289550108727 0.022066038588361214 0.6597959138040428
15 530.3986360392236 0.33214133042039085 0.022027685796091594 0.6593965539677467
15 572.0532950750974 0.20257114711586022 0.022027685796091594 0.8105243249204173
15 549.1891148825159 0.2926599162369466 0.021223028824622202 0.5877739217926123
16 527.3023554074015 0.2930289550108727 0.022066038588361214 0.6597959138040428
16 527.491253443294 0.2901917273482102 0.022074529054592822 0.659157948176733
16 527.5191669380275 0.2939151174829114 0.02218209463102775 0.659173217455217
16 527.2975438813742 0.2939151174829114 0.02201123604734094 0.6593965539677467
16 526.5450913268792 0.29386797319250185 0.021452344014971637 0.7204010157135947
16 586.5792853253655 0.2927070613786013 0.021800457785593225 0.5318387827609651
16 527.4805443762859 0.30566124014056406 0.022027685796091594 0.6593965539677467
16 527.2864569186214 0.29574340688977024 0.022027685796091594 0.6593965539677467
16 527.1686283304242 0.29866405554857567 0.02186850211110623 0.6597959138040428
16 528.8769919670805 0.3233728430157388 0.022011110682326442 0.6607449079492453
16 527.3095214870295 0.2939151174829114 0.022027685796091594 0.6593965539677467
16 528.0388372918334 0.3289953692567938 0.021813528963089995 0.6788603997220366
16 526.5099046331283 0.27106136783870766 0.021813528963089995 0.701748176148034
16 527.4947622866131 0.2939151174829114 0.02216562199809176 0.659173217455217
16 525.5856094919585 0.2943638769364677 0.022063486863154427 0.6745808755528205
16 526.6699079870301 0.2930289550108727 0.022066038588361214 0.7322717984792393
16 567.9611127947521 0.4388117842215206 0.022027685796091594 0.6593965539677467
16 588.933338688354 0.1745146392951773 0.022027685796091594 0.6593965539677467
16 527.4782468869929 0.29725899687937163 0.02206358283693977 0.6582741313124938
17 530.0099004134958 0.2667938775439991 0.022066038588361214 0.6597959138040428
17 526.5099046331283 0.27106136783870766 0.021813528963089995 0.701748176148034
17 541.3085806647514 0.2930289550108727 0.024284862096086608 0.6597959138040428
17 527.4782468869929 0.29725899687937163 0.02206358283693977 0.6582741313124938
17 527.491253443294 0.2901917273482102 0.022074529054592822 0.659157948176733
17 527.5191669380275 0.2939151174829114 0.02218209463102775 0.659173217455217
17 525.2535397284544 0.2901917273482102 0.022073981202963083 0.7160032675837308
17 525.5364535139099 0.2930289550108727 0.022066586441936802 0.6754308157399846
17 527.491253443294 0.2901917273482102 0.022074529054592822 0.659157948176733
17 547.7827396628317 0.2939151174829114 0.02216562199809176 0.5922071049702677
17 526.5450913268792 0.29386797319250185 0.021452344014971637 0.7204010157135947
17 526.5099046331283 0.27106136783870766 0.021813528963089995 0.701748176148034
17 525.5856094919585 0.2943638769364677 0.022063486863154427 0.6745808755528205
17 526.5099046331283 0.27106136783870766 0.021813528963089995 0.701748176148034
17 526.5450913268792 0.29386797319250185 0.021452344014971637 0.7204010157135947
17 531.268802166472 0.3281899756205541 0.02103293499158017 0.6593965539677467
17 585.9274446842817 0.29389295773269514 0.02153561647686023 0.5318387827609651
17 526.6924019327837 0.269884029622312 0.021813528963089995 0.701748176148034
17 526.5450913268792 0.29386797319250185 0.021452344014971637 0.7204010157135947
18 525.9972732029333 0.2901917273482102 0.021501610504892712 0.7147008434537052
18 525.6438316978561 0.29386797319250185 0.022026162345371865 0.7217033930391736
18 526.5099046331283 0.27106136783870766 0.021813528963089995 0.701748176148034
18 544.9273096793457 0.269884029622312 0.020029605971058247 0.7635139368060453
18 604.522680228563 0.1656620021801784 0.022073981202963083 0.7790283749647545
18 525.6675900214624 0.29062753259469304 0.022063486863154427 0.6745808755528205
18 525.5856094919585 0.2943638769364677 0.022063486863154427 0.6745808755528205
18 526.5099046331283 0.27106136783870766 0.021813528963089995 0.701748176148034
18 548.0972881281727 0.2901917273482102 0.022073981202963083 0.8216383103288085
18 525.2535397284544 0.2901917273482102 0.022073981202963083 0.7160032675837308
18 525.6320535211007 0.2901917273482102 0.022073981202963083 0.7213982429120072
18 526.11936404346 0.29386797319250185 0.021452344014971637 0.7150060065328442
18 533.1655766033489 0.2901917273482102 0.022073981202963083 0.7704027179252221
18 622.9543023927502 0.2901917273482102 0.022073981202963083 0.9681027555239277
18 525.5364535139099 0.2930289550108727 0.022066586441936802 0.6754308157399846
18 641.3685690005203 0.2901917273482102 0.02369475833036618 0.9932191575728208
18 528.7999909704561 0.2930289550108727 0.021598218501058503 0.6506533913990854
18 528.5527031010454 0.29386797319250185 0.021921589135920055 0.7451929429206006
18 525.5856094919585 0.2943638769364677 0.022063486863154427 0.6745808755528205
19 525.6675900214624 0.29062753259469304 0.022063486863154427 0.6745808755528205
19 622.9543023927502 0.2901917273482102 0.022073981202963083 0.9681027555239277
19 525.5482985416096 0.2946318854801091 0.021989152869499585 0.6745808755528205
19 571.3082779072553 0.2927609509934232 0.02167297991678586 0.5506787148345997
19 645.121532260893 0.13991135994226522 0.021330750460819236 0.6706730697067241
19 525.9815609216245 0.2943638769364677 0.022063486863154427 0.7256130079822348
19 548.3173902673838 0.2939739709193414 0.02207634288591699 0.8216383103288085
19 525.6719675238887 0.2900857602530113 0.02202380131581388 0.7217033930391736
19 527.6187389018896 0.294210995567298 0.022100401430549976 0.7397629572505924
19 525.1668312102939 0.2940208545832594 0.021884744009918737 0.6799970957973773
19 525.6320535211007 0.2901917273482102 0.022073981202963083 0.7213982429120072
19 532.8069541600181 0.24885191391856565 0.022063486863154427 0.6745808755528205
19 525.5516119086437 0.2943638769364677 0.02199070798402945 0.6745808755528205
19 526.4384529326674 0.27106136783870766 0.021886340375238726 0.701748176148034
19 525.2334600606835 0.2913946480456521 0.022073981202963083 0.7160032675837308
19 525.6031979267259 0.29316097068967367 0.022063486863154427 0.6745808755528205
19 525.5856094919585 0.2943638769364677 0.022063486863154427 0.6745808755528205
19 525.6320535211007 0.2901917273482102 0.022073981202963083 0.7213982429120072
19 533.1655766033489 0.2901917273482102 0.022073981202963083 0.7704027179252221
20 526.7917820458309 0.2712581725595779 0.022007784863976136 0.7160032675837308
20 525.6097968317254 0.29316097068967367 0.022073431961474304 0.6745808755528205
20 525.8403194913341 0.2943638769364677 0.02199070798402945 0.6713664511842763
20 524.9905529688725 0.2940208545832594 0.021884744009918737 0.6832118367717539
20 525.7161341309933 0.28949242271035924 0.022074978883548875 0.6745808755528205
20 525.6086787101153 0.29386033591501726 0.02206248919180848 0.7213982429120072
20 525.5516119086437 0.2943638769364677 0.02199070798402945 0.6745808755528205
20 528.3622722679359 0.2943638769364677 0.020814169700317634 0.7036751594112498
20 533.1655766033489 0.2901917273482102 0.022073981202963083 0.7704027179252221
20 533.5617581756057 0.2901917273482102 0.02269396210554932 0.7704027179252221
20 525.9593213366236 0.2901917273482102 0.022471476770647047 0.7213982429120072
20 525.6320535211007 0.2901917273482102 0.022073981202963083 0.7213982429120072
20 635.9232843221514 0.2913946480456521 0.022073981202963083 0.48681611838759387
20 525.1668312102939 0.2940208545832594 0.021884744009918737 0.6799970957973773
20 535.7394639330092 0.27598775045052343 0.023868594936218478 0.6745808755528205
20 525.5964418755061 0.293560123943823 0.022063486863154427 0.6745808755528205
20 525.1668312102939 0.2940208545832594 0.021884744009918737 0.6799970957973773
20 527.6187389018896 0.294210995567298 0.022100401430549976 0.7397629572505924
20 525.5516119086437 0.2943638769364677 0.02199070798402945 0.6745808755528205
21 528.075932650272 0.2901917273482102 0.023179948983618727 0.7136139578798462
21 524.8063121538257 0.2940208545832594 0.021884744009918737 0.6877812374686674
21 524.77862152316 0.29386033591501726 0.021885527109397753 0.6887393594158154
21 525.0271944904804 0.2940208545832594 0.0220617317788768 0.7126558465669969
21 525.7161341309933 0.28949242271035924 0.022074978883548875 0.6745808755528205
21 524.9905529688725 0.2940208545832594 0.021884744009918737 0.6832118367717539
21 528.3625948474047 0.2943073789118778 0.020814169700317634 0.7036751594112498
21 524.9899316635286 0.2940773526203357 0.021884744009918737 0.6832118367717539
21 525.6320535211007 0.2901917273482102 0.022073981202963083 0.7213982429120072
21 525.1668312102939 0.2940208545832594 0.021884744009918737 0.6799970957973773
21 525.5627640841993 0.2940208545832594 0.021884744009918737 0.6744560848427541
21 525.4488709541714 0.2943638769364677 0.022306723427406527 0.680121907519989
21 525.2243095186628 0.2940208545832594 0.021884744009918737 0.6790793485524
21 525.5198934304585 0.293560123943823 0.022063486863154427 0.6754986339704254
21 525.6086787101153 0.29386033591501726 0.02206248919180848 0.7213982429120072
21 541.7725957327706 0.29386033591501726 0.02206248919180848 0.6053825065616657
21 525.5902111071737 0.2940102137914423 0.02206393823242823 0.6745808755528205
21 525.6075889947706 0.29341024624253326 0.022062037822578706 0.7213982429120072
21 558.2552375487834 0.21234412431821892 0.02400460083916478 0.7213982429120072
22 525.5761398079844 0.28949242271035924 0.022074978883548875 0.6762612149617526
22 525.6625320676073 0.293560123943823 0.022063486863154427 0.6738182977369266
22 525.2255401015003 0.2940208545832594 0.02188091628971431 0.6790793485524
22 524.7767852457147 0.29386033591501726 0.021889354836270632 0.6887393594158154
22 529.9104733822765 0.2940208545832594 0.020555199524563156 0.6800432154426708
22 525.5164174811832 0.2943638769364677 0.022306723427406527 0.6791580407214288
22 525.7345897380263 0.29386033591501726 0.02187099947741342 0.7213982429120072
22 525.6090769974076 0.2940208545832594 0.02207628363283215 0.6744560848427541
22 525.1835769323924 0.29422195668495343 0.022318982261262527 0.6849777506459325
22 534.4939834002583 0.2940022561922505 0.023951035798468866 0.6838835221792673
22 525.2719763019161 0.29386033591501726 0.021542518455399562 0.6871775238200555
22 525.1283936177246 0.2940208545832594 0.021884744009918737 0.6806412298533631
22 525.5198934304585 0.293560123943823 0.022063486863154427 0.6754986339704254
22 593.5293010852993 0.2901917273482102 0.0226826513782558 0.9208656434998241
22 526.0951782991926 0.2940208545832594 0.021525685861204825 0.6726923595599812
22 525.0653012621885 0.2940208545832594 0.021884744009918737 0.6817609504790342
22 526.2595833169913 0.28949242271035924 0.022062051991302283 0.668911489979182
22 527.4154216163769 0.29386033591501726 0.022075416093910102 0.6589699041739476
22 847.9663094451581 0.8080502751345832 0.021884744009918737 0.6877812374686674
23 526.2595833169913 0.28949242271035924 0.022062051991302283 0.668911489979182
23 593.5293010852993 0.2901917273482102 0.0226826513782558 0.9208656434998241
23 525.2255401015003 0.2940208545832594 0.02188091628971431 0.6790793485524
23 527.4154216163769 0.29386033591501726 0.022075416093910102 0.6589699041739476
23 524.77862152316 0.29386033591501726 0.021885527109397753 0.6887393594158154
23 525.1835769323924 0.29422195668495343 0.022318982261262527 0.6849777506459325
23 525.2255401015003 0.2940208545832594 0.02188091628971431 0.6790793485524
23 536.193402440406 0.2381549680343923 0.02187099947741342 0.7213982429120072
23 530.1824653795045 0.29386033591501726 0.022075416093910102 0.6436354668029627
23 530.5780508079887 0.29386033591501726 0.023476787720234534 0.726802487203372
23 536.0612732680215 0.3524336587138154 0.023033503399116407 0.6790793485524
23 529.0156297501908 0.2940022561922505 0.023262355268225197 0.6838835221792673
23 525.2688032980491 0.2940208545832594 0.02188101391183883 0.6784189066325357
23 525.5532237665999 0.2940208545832594 0.022076220009559572 0.67511653444683
23 782.288891742641 0.29386033591501726 0.02188937195261956 0.4053454913076505
23 524.7786298944743 0.29386033591501726 0.02188550999337394 0.6887393594158154
23 524.7744422379342 0.29433245365520616 0.021885527109397753 0.6887393594158154
23 525.5212527504108 0.29389175924786837 0.022306723427406527 0.6791580407214288
23 524.7767852457147 0.29386033591501726 0.021889354836270632 0.6887393594158154
24 525.2372263155863 0.2939418111982641 0.021884543545791918 0.6788963039679652
24 524.8656155397431 0.29441149711477677 0.022209735606656074 0.6889224849400868
24 524.7786236588754 0.29386033591501726 0.02188552274242797 0.6887393594158154
24 552.1709050809235 0.29386033591501726 0.020919163416753928 0.5828568187080405
24 525.2255401015003 0.2940208545832594 0.02188091628971431 0.6790793485524
24 538.1774210489299 0.2381549680343923 0.021203130947462186 0.7213982429120072
24 527.4993912490872 0.2944555636806696 0.02304912212794574 0.6887393594158154
24 687.2923459382002 0.1245609551601239 0.02407235286122457 0.6838835221792673
24 524.7695926765857 0.2958250857130228 0.021885620887826838 0.6887393594158154
24 524.798505904943 0.29236774166753454 0.021889261058137363 0.6887393594158154
24 524.7778366609813 0.29386033591501726 0.021887145011108448 0.6887393594158154
24 524.7775526972127 0.29386033591501726 0.02188773693460804 0.6887393594158154
24 524.7787742712356 0.29386033591501726 0.021885215257631697 0.6887393594158154
24 524.7766387838578 0.29386033591501726 0.021889666688653414 0.6887393594158154
24 527.6014130470927 0.29386033591501726 0.022528533774350143 0.6642266968075712
24 527.0618504123545 0.29386033591501726 0.02302138593063808 0.7062314308975446
24 525.2688032980491 0.2940208545832594 0.02188101391183883 0.6784189066325357
24 536.0612732680215 0.3524336587138154 0.023033503399116407 0.6790793485524
24 530.1824653795045 0.29386033591501726 0.022075416093910102 0.6436354668029627
25 525.2372263155863 0.2939418111982641 0.021884543545791918 0.6788963039679652
25 524.7744422379342 0.29433245365520616 0.021885527109397753 0.6887393594158154
25 525.2372263155863 0.2939418111982641 0.021884543545791918 0.6788963039679652
25 524.7695926765857 0.2958250857130228 0.021885620887826838 0.6887393594158154
25 525.2688032980491 0.2940208545832594 0.02188101391183883 0.6784189066325357
25 524.7775526972127 0.29386033591501726 0.02188773693460804 0.6887393594158154
25 528.6367860620622 0.2736796795072208 0.021203130947462186 0.7191816164421853
25 1054.6704309472266 0.05085400019624787 0.020919163416753928 0.585689112402402
25 524.7484865131171 0.2958250857130228 0.02195128364280578 0.6887393594158154
25 524.8047496683449 0.29441149711477677 0.022144151395538058 0.6889224849400868
25 527.9401410557554 0.29386033591501726 0.022075416093910102 0.6555845197961134
25 690.9821646147842 0.6259350369003368 0.02188773693460804 0.6767972571583797
25 550.5466736733308 0.23012877428573658 0.02021102217979281 0.6514337178379082
25 525.2815206841574 0.30220933498903035 0.022075416093910102 0.7136309044898866
25 524.7775526972127 0.29386033591501726 0.02188773693460804 0.6887393594158154
25 525.2372263155863 0.2939418111982641 0.021884543545791918 0.6788963039679652
25 524.7805745675278 0.29386033591501726 0.021881609961742533 0.6887393594158154
25 525.2236045915764 0.2940208545832594 0.021887043263990727 0.6790793485524
25 527.4993912490872 0.2944555636806696 0.02304912212794574 0.6887393594158154
26 537.7914801798607 0.29386033591501726 0.02188773693460804 0.7874404009625533
26 524.7484865131171 0.2958250857130228 0.02195128364280578 0.6887393594158154
26 538.3829550716688 0.25433056292187894 0.020319461658055253 0.7191816164421853
26 533.1648587701776 0.26078568737015156 0.023268570909918997 0.6788963039679652
26 524.7484865131171 0.2958250857130228 0.02195128364280578 0.6887393594158154
26 524.7744422379342 0.29433245365520616 0.021885527109397753 0.6887393594158154
26 524.7775526972127 0.29386033591501726 0.02188773693460804 0.6887393594158154
26 532.6282478250555 0.24803396775032233 0.02188773693460804 0.7225265742322285
26 525.2372263155863 0.2939418111982641 0.021884543545791918 0.6788963039679652
26 550.5466736733308 0.23012877428573658 0.02021102217979281 0.6514337178379082
26 525.4561627017285 0.294123287008863 0.02188656688615476 0.6757735091795793
26 524.6972757757088 0.2957226556723693 0.02188609726566809 0.6920457307323507
26 622.9165058253757 0.15280047473774916 0.02071892010273834 0.6887393594158154
26 542.4285759189889 0.2943494212405803 0.022313348281809926 0.8046389784495669
26 524.9840727240728 0.29433245365520616 0.022295737469065855 0.6887393594158154
26 524.8974266918932 0.29441149711477677 0.021735261658703837 0.6889224849400868
26 524.7509482679928 0.2958250857130228 0.021938507499844922 0.6887393594158154
26 524.7638406335435 0.2958250857130228 0.021898397930131864 0.6887393594158154
26 524.7775526972127 0.29386033591501726 0.02188773693460804 0.6887393594158154
27 529.5994048139908 0.26078568737015156 0.021524162408261282 0.6788963039679652
27 531.7361207862668 0.2958250857130228 0.02368076678473347 0.6887393594158154
27 524.7775526972127 0.29386033591501726 0.02188773693460804 0.6887393594158154
27 524.7775526972127 0.29386033591501726 0.02188773693460804 0.6887393594158154
27 586.8928669928619 0.2543120471365151 0.020113870454079107 0.8786823965543529
27 530.2019307121351 0.3004133895407189 0.023468269687141278 0.6884433508688828
27 592.6589832799043 0.1697571628557082 0.02258540458768179 0.6920457307323507
27 525.2375551364092 0.2939267471783669 0.021884117408514103 0.6788963039679652
27 524.8974266918932 0.29441149711477677 0.021735261658703837 0.6889224849400868
27 524.7484865131171 0.2958250857130228 0.02195128364280578 0.6887393594158154
27 524.7531436027137 0.2958250857130228 0.021929566977315598 0.6887393594158154
27 685.7022454718392 0.6155548419542802 0.022393817076103353 0.6887393594158154
27 524.7484865131171 0.2958250857130228 0.02195128364280578 0.6887393594158154
27 524.7484865131171 0.2958250857130228 0.02195128364280578 0.6887393594158154
27 524.7506333033189 0.2958250857130228 0.02195128364280578 0.6886655853680614
27 526.1455702552033 0.31261457889381095 0.02188656688615476 0.6758474615308407
27 524.7484865131171 0.2958250857130228 0.02195128364280578 0.6887393594158154
27 524.8974266918932 0.29441149711477677 0.021735261658703837 0.6889224849400868
27 524.6972757757088 0.2957226556723693 0.02188609726566809 0.6920457307323507
28 524.7484865131171 0.2958250857130228 0.02195128364280578 0.6887393594158154
28 524.7775526972127 0.29386033591501726 0.02188773693460804 0.6887393594158154
28 524.7531436027137 0.2958250857130228 0.021929566977315598 0.6887393594158154
28 524.7531436027137 0.2958250857130228 0.021929566977315598 0.6887393594158154
28 524.8974266918932 0.29441149711477677 0.021735261658703837 0.6889224849400868
28 524.7484865131171 0.2958250857130228 0.02195128364280578 0.6887393594158154
28 524.7485107957325 0.2953560573082 0.02195128364280578 0.6887393594158154
28 526.8288760419711 0.29439577716913995 0.02113545886927047 0.6788963039679652
28 524.682919131838 0.2957226556723693 0.021917017386562918 0.6920457307323507
28 524.7637363878714 0.2958250857130228 0.021898647041006754 0.6887393594158154
28 526.1434963167953 0.31261457889381095 0.021942283659893355 0.6758474615308407
28 524.7650461411891 0.2958250857130228 0.02189556788555299 0.6887393594158154
28 536.1921712521157 0.23985892022652122 0.02135759703407813 0.6887393594158154
28 537.3258594568289 0.2958250857130228 0.02195128364280578 0.7858172381666755
28 524.6972757757088 0.2957226556723693 0.02188609726566809 0.6920457307323507
28 565.8860367147123 0.2958250857130228 0.021929566977315598 0.8634977418407797
28 622.106789844732 0.5295071640016548 0.02185878991380964 0.6889224849400868
28 525.777183073492 0.3065056975776612 0.02176305279009565 0.6758474615308407
28 524.7484865131171 0.2958250857130228 0.02195128364280578 0.6887393594158154
29 525.5217594731758 0.31261457889381095 0.021941313216862515 0.6895503531105809
29 525.4981085439971 0.2953560573082 0.02195225409431707 0.6750367735226479
29 524.7484865131171 0.2958250857130228 0.02195128364280578 0.6887393594158154
29 525.0530625571351 0.2958250857130228 0.021629248640518368 0.6887393594158154
29 524.7653384881779 0.29441149711477677 0.021894834933785856 0.6888887952585369
29 524.8353639409258 0.2958250857130228 0.021791739563304866 0.6887730490975666
29 524.7484865131171 0.2958250857130228 0.02195128364280578 0.6887393594158154
29 545.2250058276168 0.2958250857130228 0.02445207503516642 0.6507099642827667
29 524.7609139093354 0.29574086230577923 0.021905499010937142 0.6887393594158154
29 524.6871885684005 0.2958068790799276 0.02190708626507433 0.6920457307323507
29 524.6972757757088 0.2957226556723693 0.02188609726566809 0.6920457307323507
29 536.8072519869177 0.2957226556723693 0.02188609726566809 0.7834673421349859
29 524.7531782034139 0.2958250857130228 0.021929437690820383 0.6887393594158154
29 524.7484656545757 0.2958250857130228 0.02195141298318328 0.6887393594158154
29 556.5719142404894 0.2961140354923883 0.02163454249491712 0.5733183383805063
29 524.697493325155 0.2954337061758884 0.021898121604849156 0.6916527953710128
29 524.7524273165743 0.2958250857130228 0.02193231534077243 0.6887393594158154
29 524.6840066486593 0.2957226556723693 0.021914269068975308 0.6920457307323507
29 524.7485107957325 0.2953560573082 0.02195128364280578 0.6887393594158154
30 547.6103965559313 0.2953560573082 0.023598077465020403 0.6128721512001678
30 524.6972473413183 0.2957226556723693 0.02188614997145606 0.6920457307323507
30 589.5008935643948 0.2958250857130228 0.02193231534077243 0.9102445604375431
30 524.682919131838 0.2957226556723693 0.021917017386562918 0.6920457307323507
30 524.7483223567942 0.2955770095916295 0.02195141298318328 0.6887393594158154
30 524.6976454359175 0.2956817823045833 0.021898121604849156 0.6916527953710128
30 524.7531782034139 0.2958250857130228 0.021929437690820383 0.6887393594158154
30 524.682919131838 0.2957226556723693 0.021917017386562918 0.6920457307323507
30 525.4981085439971 0.2953560573082 0.02195225409431707 0.6750367735226479
30 524.7524273165743 0.2958250857130228 0.02193231534077243 0.6887393594158154
30 524.7841536665966 0.29529832581000737 0.021898121604849156 0.6880602708585072
30 524.6683799883848 0.29596046629691375 0.02195128364280578 0.6923318893697465
30 524.6972757757088 0.2957226556723693 0.02188609726566809 0.6920457307323507
30 525.5960624437437 0.2957226556723693 0.02261472348949999 0.6920457307323507
30 524.7601301566656 0.29576438399152216 0.02190760718191701 0.6887393594158154
30 524.7529466860495 0.2958015640273997 0.021930207254221998 0.6887393594158154
30 524.6942641030829 0.29575025371173636 0.021909148030991497 0.6915715010387082
30 524.7386549987878 0.295797487673881 0.021934558868037256 0.6892135902583603
30 524.7484865131171 0.2958250857130228 0.02195128364280578 0.6887393594158154
31 524.687165993225 0.2957226556723693 0.0219067590825599 0.6920457307323507
31 524.6919964568706 0.2957226556723693 0.02189635562325531 0.6920457307323507
31 722.57328463327 0.2958250857130228 0.02193231534077243 0.43263801626698134
31 648.806783647633 0.13739690773017252 0.02195141298318328 0.6737884325554109
31 524.6916299035757 0.29573159426972007 0.021917190128200103 0.691538008543381
31 524.6856984114141 0.29574131511438895 0.021908975292509833 0.692079223235097
31 524.7386549987878 0.295797487673881 0.021934558868037256 0.6892135902583603
31 524.7386549987878 0.295797487673881 0.021934558868037256 0.6892135902583603
31 524.7531782034139 0.2958250857130228 0.021929437690820383 0.6887393594158154
31 524.682919131838 0.2957226556723693 0.021917017386562918 0.6920457307323507
31 524.6678211498551 0.2957594230936605 0.02195128364280578 0.6923318893697465
31 524.6947251548039 0.2959512969188387 0.021909148030991497 0.6915715010387082
31 524.7275803072062 0.295797487673881 0.021926593828494333 0.6897255639573094
31 524.6753865838668 0.29596046629691375 0.021959248980937072 0.6918199165424279
31 524.7386549987878 0.295797487673881 0.021934558868037256 0.6892135902583603
31 524.7484865131171 0.2958250857130228 0.02195128364280578 0.6887393594158154
31 524.7364439693598 0.295797487673881 0.021934558868037256 0.6892961514042061
31 524.7548024628446 0.2958250857130228 0.02193231534077243 0.6886567982893598
31 524.6942641030829 0.29575025371173636 0.021909148030991497 0.6915715010387082
32 524.687165993225 0.2957226556723693 0.0219067590825599 0.6920457307323507
32 524.6947251548039 0.2959512969188387 0.021909148030991497 0.6915715010387082
32 524.7386510088064 0.29579422514133036 0.021934558868037256 0.6892135902583603
32 524.668390953459 0.29596372883184163 0.02195128364280578 0.6923318893697465
32 524.687665037511 0.2957226556723693 0.02189635562325531 0.6923259312842815
32 524.6724211969885 0.2957594230936605 0.02195128364280578 0.692051688818629
32 543.5146158773654 0.3857221770967962 0.021926593828494333 0.6895871168235936
32 524.7492684803675 0.29583279598717843 0.021929437690820383 0.6888778065840102
32 524.6831087900255 0.2958159643227407 0.021917017386562918 0.6920457307323507
32 524.6944825718881 0.2958579882694647 0.021909148030991497 0.6915715010387082
32 524.7364439693598 0.295797487673881 0.021934558868037256 0.6892961514042061
32 524.7386549987878 0.295797487673881 0.021934558868037256 0.6892135902583603
32 524.6648254444978 0.2957226556723693 0.021960393253855265 0.6923976345332347
32 524.6878023209417 0.2957594230936605 0.02190790891971594 0.6919799855729003
32 725.8998316315547 0.663794237185446 0.02081504202483079 0.6885012319779698
32 524.6742691022683 0.29574131511438895 0.021908524582216433 0.6928741484224539
32 524.7548024628446 0.2958250857130228 0.02193231534077243 0.6886567982893598
32 524.687165993225 0.2957226556723693 0.0219067590825599 0.6920457307323507
32 524.7386549987878 0.295797487673881 0.021934558868037256 0.6892135902583603
33 533.9209402521252 0.35663453488203883 0.021906826239011117 0.6916979908944245
33 550.6807207542537 0.2957057945303371 0.021909080874608685 0.8268347440363313
33 586.4669266042717 0.17415406627892815 0.021910681980621433 0.6920457307323507
33 524.6672365317921 0.2960152487067016 0.021957619811694203 0.6923318893697465
33 524.6742691022683 0.29574131511438895 0.021908524582216433 0.6928741484224539
33 524.7364439693598 0.295797487673881 0.021934558868037256 0.6892961514042061
33 524.687665037511 0.2957226556723693 0.02189635562325531 0.6923259312842815
33 542.1681362487798 0.29596372883184163 0.0246829982585401 0.6923318893697465
33 524.6678211498551 0.2957594230936605 0.02195128364280578 0.6923318893697465
33 524.7364439693598 0.295797487673881 0.021934558868037256 0.6892961514042061
33 524.6742745276208 0.2957438324455309 0.021908524582216433 0.6928741484224539
33 524.6678156109969 0.2957569057625205 0.02195128364280578 0.6923318893697465
33 524.6816027940614 0.2956451049494626 0.021909148030991497 0.6923263555344422
33 953.1269040966823 0.9195891746967655 0.021598066004815425 0.6915710768046663
33 524.7386182811804 0.29576530020746833 0.021934558868037256 0.6892135902583603
33 524.6878670275585 0.29579161056009046 0.02190790891971594 0.6919799855729003
33 524.6724211969885 0.2957594230936605 0.02195128364280578 0.692051688818629
33 524.639309608341 0.295797487673881 0.021934558868037256 0.6960303867962584
33 651.5416619114886 0.13563317636050404 0.02190790891971594 0.6919799855729003
34 542.1681362487798 0.29596372883184163 0.0246829982585401 0.6923318893697465
34 586.3009770285843 0.28617336764301804 0.023827233344106993 0.9010217877767692
34 524.6878670275585 0.29579161056009046 0.02190790891971594 0.6919799855729003
34 524.687665037511 0.2957226556723693 0.02189635562325531 0.6923259312842815
34 576.2055396906183 0.4444121284458549 0.021934558868037256 0.6254177221450097
34 541.929093895988 0.35663453488203883 0.02377113872713105 0.6916979908944245
34 541.8475251205117 0.29596372883184163 0.024661002339734426 0.6929026491416059
34 525.022951448206 0.29574131511438895 0.021613403594961188 0.6923033886593102
34 524.6879104913868 0.2957663478387228 0.021934558868037256 0.6914274467701229
34 524.7167761345413 0.29579056292883465 0.02195128364280578 0.6899203939477414
34 549.757656152578 0.2957057945303371 0.021908379671477612 0.8243424741470542
34 524.6562094151295 0.29574131511438895 0.021909225785352544 0.6946466360394115
34 541.1274623098129 0.22663830357266074 0.02195128364280578 0.6923318893697465
34 524.6724211969885 0.2957594230936605 0.02195128364280578 0.692051688818629
34 524.6894184576348 0.2957226556723693 0.021925715731540184 0.6914914882669358
34 533.9259009276591 0.35663453488203883 0.021941503989429467 0.6926041372422096
34 524.7364439693598 0.295797487673881 0.021934558868037256 0.6892961514042061
34 524.687665037511 0.2957226556723693 0.02189635562325531 0.6923259312842815
34 530.6698620180389 0.2521758122622523 0.021960393253855265 0.6923976345332347
35 537.700242738069 0.33650389938818287 0.0200818400342299 0.6917331785402832
35 552.9831798000292 0.24749501683277347 0.024966592744686433 0.6922967017322708
35 524.6805451199367 0.29579161056009046 0.02192689238186666 0.6919799855729003
35 524.6473044340977 0.295797487673881 0.02191557544743625 0.6960303867962584
35 524.6724211969885 0.2957594230936605 0.02195128364280578 0.692051688818629
35 524.6878670275585 0.29579161056009046 0.02190790891971594 0.6919799855729003
35 802.8105736035525 0.08797077521135047 0.02193616786466328 0.6946466360394115
35 524.6511785394578 0.295797487673881 0.021907616934425597 0.6960303867962584
35 1074.0889207836162 0.8764202043518533 0.02193650616398527 0.87089760586394
35 660.6309411926716 0.4054603515059612 0.021949336364567 0.9424704134205197
35 524.7167761345413 0.29579056292883465 0.02195128364280578 0.6899203939477414
35 524.639309608341 0.295797487673881 0.021934558868037256 0.6960303867962584
35 533.9259009276591 0.35663453488203883 0.021941503989429467 0.6926041372422096
35 524.6894184576348 0.2957226556723693 0.021925715731540184 0.6914914882669358
35 524.7364439693598 0.295797487673881 0.021934558868037256 0.6892961514042061
35 579.6815070402374 0.29579056292883465 0.02195128364280578 0.5406415204283179
35 530.1854615244765 0.295797487673881 0.02050195152924924 0.6960303867962584
35 524.7364439693598 0.295797487673881 0.021934558868037256 0.6892961514042061
35 524.639309608341 0.295797487673881 0.021934558868037256 0.6960303867962584
36 524.6389550074721 0.295797487673881 0.021934558868037256 0.6962067417178658
36 554.2744269998777 0.295797487673881 0.021934558868037256 0.8363067439014165
36 524.639309608341 0.295797487673881 0.021934558868037256 0.6960303867962584
36 524.639309608341 0.295797487673881 0.021934558868037256 0.6960303867962584
36 553.4842266578632 0.295797487673881 0.0219584136884437 0.5798264305422605
36 527.4791743118667 0.29579056292883465 0.021927429073203615 0.6577113173145019
36 531.7678810311975 0.348554688917821 0.02193936710782272 0.6919799855729003
36 524.8810718448981 0.30392795216025575 0.02191004597113953 0.6926041372422096
36 528.4517008466473 0.295797487673881 0.020758997040382348 0.6960303867962584
36 524.6724219475622 0.2957594230936605 0.02195128026335874 0.692051688818629
36 524.7408036075027 0.2957226556723693 0.021925715731540184 0.6892208528711439
36 524.685377066931 0.295797487673881 0.021934558868037256 0.6915667874468563
36 524.9015666306219 0.295797487673881 0.02234862754186334 0.6960303867962584
36 605.604691692508 0.17132003056894018 0.02019640611628486 0.7657402567908775
36 524.6587057843799 0.29579205233940276 0.02190790891971594 0.694408551031036
36 524.6626601833424 0.29579704589456873 0.02191557544743625 0.6936018217057456
36 524.7167761345413 0.29579056292883465 0.02195128364280578 0.6899203939477414
36 537.700242738069 0.33650389938818287 0.0200818400342299 0.6917331785402832
36 655.4679144764631 0.5757424280093313 0.021941503989429467 0.6926041372422096
37 524.639309608341 0.295797487673881 0.021934558868037256 0.6960303867962584
37 524.9015666306219 0.295797487673881 0.02234862754186334 0.6960303867962584
37 524.639309608341 0.295797487673881 0.021934558868037256 0.6960303867962584
37 571.9265639628261 0.4260720519248693 0.021934558868037256 0.7546136477818777
37 911.6182416656422 0.08372280466509227 0.02042140863513562 0.47803301839670065
37 605.2132030581998 0.295797487673881 0.021769642127631758 0.5121025260843401
37 524.639309608341 0.295797487673881 0.021934558868037256 0.6960303867962584
37 524.639309608341 0.295797487673881 0.021934558868037256 0.6960303867962584
37 524.639309608341 0.295797487673881 0.021934558868037256 0.6960303867962584
37 524.639309608341 0.295797487673881 0.021934558868037256 0.6960303867962584
37 524.6724219475622 0.2957594230936605 0.02195128026335874 0.692051688818629
37 524.6724219475622 0.2957594230936605 0.02195128026335874 0.692051688818629
37 524.6474176935056 0.29579199859487226 0.021932201980512468 0.694558136084029
37 524.7263281829366 0.2957906166733652 0.02192699063180029 0.6897708133629532
37 524.6407605562566 0.295797487673881 0.021934558868037256 0.6955692606355441
37 524.6744068071202 0.295797487673881 0.021934558868037256 0.6922042705812957
37 572.91330293894 0.29579704589456873 0.021822240969916924 0.877699823183737
37 524.6587057843799 0.29579205233940276 0.02190790891971594 0.694408551031036
37 528.4517008466473 0.295797487673881 0.020758997040382348 0.6960303867962584
38 524.6392503635639 0.295797487673881 0.021934558868037256 0.6960563891375764
38 527.9874432444918 0.295797487673881 0.020835947007356314 0.6955432582973602
38 524.639309608341 0.295797487673881 0.021934558868037256 0.6960303867962584
38 524.639309608341 0.295797487673881 0.021934558868037256 0.6960303867962584
38 546.2835102681921 0.2935665546806552 0.02150107836908306 0.8111662985324215
38 524.639309608341 0.295797487673881 0.021934558868037256 0.6960303867962584
38 813.697610242402 0.6966710722479852 0.021934558868037256 0.8065283103647387
38 524.6724219475622 0.2957594230936605 0.02195128026335874 0.692051688818629
38 525.008840747868 0.28516432764201105 0.02190790891971594 0.7040204136328132
38 575.7455248165094 0.4378313791921364 0.021934558868037256 0.7449846205579238
38 524.639309608341 0.295797487673881 0.021934558868037256 0.6960303867962584
38 524.639309608341 0.295797487673881 0.021934558868037256 0.6960303867962584
38 524.6724219475622 0.2957594230936605 0.02195128026335874 0.692051688818629
38 524.639309608341 0.295797487673881 0.021934558868037256 0.6960303867962584
38 524.639309608341 0.295797487673881 0.021934558868037256 0.6960303867962584
38 524.639309608341 0.295797487673881 0.021934558868037256 0.6960303867962584
38 586.2304927893762 0.295797487673881 0.02365595147079762 0.900370779629363
38 526.5678747212801 0.295797487673881 0.02111882378595666 0.6960303867962584
38 524.639309608341 0.295797487673881 0.021934558868037256 0.6960303867962584
39 524.6389550074721 0.295797487673881 0.021934558868037256 0.6962067417178658
39 524.639309608341 0.295797487673881 0.021934558868037256 0.6960303867962584
39 524.639309608341 0.295797487673881 0.021934558868037256 0.6960303867962584
39 565.7020309694616 0.198581990967578 0.020624061960782505 0.6962067417178658
39 525.793901041039 0.295797487673881 0.021319064442161098 0.6960563891375764
39 524.639309608341 0.295797487673881 0.021934558868037256 0.6960303867962584
39 524.639309608341 0.295797487673881 0.021934558868037256 0.6960303867962584
39 524.639309608341 0.295797487673881 0.021934558868037256 0.6960303867962584
39 524.639309608341 0.295797487673881 0.021934558868037256 0.6960303867962584
39 524.639309608341 0.295797487673881 0.021934558868037256 0.6960303867962584
39 524.6389550074721 0.295797487673881 0.021934558868037256 0.6962067417178658
39 530.473333185188 0.295797487673881 0.020461885553597157 0.6955432582973602
39 554.3175871189918 0.20609186058908951 0.021934558868037256 0.6960303867962584
39 546.3138687480969 0.21754285846705795 0.021934558868037256 0.6960303867962584
39 524.639309608341 0.295797487673881 0.021934558868037256 0.6960303867962584
39 524.639309608341 0.295797487673881 0.021934558868037256 0.6960303867962584
39 524.7322497436655 0.2957594230936605 0.021937118418314003 0.6894291578547235
39 819.219911443711 0.6966710722479852 0.023495490315302583 0.8087007975125733
39 524.6724219475622 0.2957594230936605 0.02195128026335874 0.692051688818629
40 525.4821832981913 0.295797487673881 0.021418876463486232 0.6962067417178658
40 546.3138687480969 0.21754285846705795 0.021934558868037256 0.6960303867962584
40 524.6393694613956 0.295797487673881 0.021934558868037256 0.6960051295342435
40 524.6389132871723 0.295797487673881 0.021934558868037256 0.6962319989801737
40 524.639309608341 0.295797487673881 0.021934558868037256 0.6960303867962584
40 524.639309608341 0.295797487673881 0.021934558868037256 0.6960303867962584
40 524.6404692974186 0.295797487673881 0.021934558868037256 0.6956452429860801
40 524.6634893021339 0.2957594230936605 0.02195128026335874 0.6926131889743018
40 524.6389770368484 0.295797487673881 0.021934558868037256 0.6961939307279028
40 524.6392801182938 0.295797487673881 0.021934558868037256 0.6960431977863057
40 524.639309608341 0.295797487673881 0.021934558868037256 0.6960303867962584
40 524.639309608341 0.295797487673881 0.021934558868037256 0.6960303867962584
40 524.6389550074721 0.295797487673881 0.021934558868037256 0.6962067417178658
40 610.670726958938 0.15765137781198685 0.021934558868037256 0.6801937685797558
40 524.639309608341 0.295797487673881 0.021934558868037256 0.6960303867962584
40 524.639309608341 0.295797487673881 0.021934558868037256 0.6960303867962584
40 524.6285197523865 0.295797487673881 0.022050739403104126 0.6960563891375764
40 790.5859889783479 0.7390565279981797 0.021210824386675268 0.6962067417178658
40 524.639309608341 0.295797487673881 0.021934558868037256 0.6960303867962584
41 784.209967054887 0.7328394665257013 0.021934558868037256 0.6962319989801737
41 524.6389550074721 0.295797487673881 0.021934558868037256 0.6962067417178658
41 524.6393558785455 0.295797487673881 0.021934558868037256 0.6960107780807766
41 524.6393227966287 0.295797487673881 0.021934558868037256 0.6960247382497253
41 524.6285197523865 0.295797487673881 0.022050739403104126 0.6960563891375764
41 525.4821832981913 0.295797487673881 0.021418876463486232 0.6962067417178658
41 524.6593698703241 0.2957594230936605 0.021974833580943574 0.6926131889743018
41 524.6253816265206 0.295797487673881 0.022027188328553368 0.6960563891375764
41 528.0389323902144 0.295797487673881 0.020828420013019298 0.6960303867962584
41 524.6389550074721 0.295797487673881 0.021934558868037256 0.6962067417178658
41 527.0509357065492 0.295797487673881 0.02101407480905018 0.6960303867962584
41 524.639309608341 0.295797487673881 0.021934558868037256 0.6960303867962584
41 524.6392801182938 0.295797487673881 0.021934558868037256 0.6960431977863057
41 524.6285197523865 0.295797487673881 0.022050739403104126 0.6960563891375764
41 524.6389770368484 0.295797487673881 0.021934558868037256 0.6961939307279028
41 524.6389550074721 0.295797487673881 0.021934558868037256 0.6962067417178658
41 524.6393215928273 0.295797487673881 0.021934558868037256 0.6960252518264979
41 524.6389681367586 0.295797487673881 0.021934558868037256 0.6961990656977686
41 524.6389550074721 0.295797487673881 0.021934558868037256 0.6962067417178658
42 601.4114976269732 0.438163628247854 0.021934558868037256 0.8134138691336381
42 540.996321279429 0.295797487673881 0.022050739403104126 0.7990855649275443
42 524.6253816265206 0.295797487673881 0.022027188328553368 0.6960563891375764
42 524.6285197523865 0.295797487673881 0.022050739403104126 0.6960563891375764
42 528.0389323902144 0.295797487673881 0.020828420013019298 0.6960303867962584
42 528.1066360522485 0.295797487673881 0.02081683592628715 0.6960563891375764
42 524.6593805421063 0.29576385078945056 0.021974833580943574 0.6926131889743018
42 524.6393393423779 0.2957930599781102 0.021934558868037256 0.6960107780807766
42 656.5642841253215 0.5755774087338897 0.02137997986351927 0.6960563891375764
42 524.6389647891846 0.295797487673881 0.021934532997874245 0.6962067417178658
42 905.2359215244038 0.764872560537378 0.022027188328553368 0.8319027747884076
42 524.6285197523865 0.295797487673881 0.022050739403104126 0.6960563891375764
42 524.624877872795 0.295797487673881 0.022005614452622224 0.6960563891375764
42 524.6273127535082 0.295797487673881 0.02197968536418409 0.6960431977863057
42 524.6285197523865 0.295797487673881 0.022050739403104126 0.6960563891375764
42 524.6285197523865 0.295797487673881 0.022050739403104126 0.6960563891375764
42 525.2402545967644 0.295797487673881 0.022515161904964057 0.6961990656977686
42 984.26726476828 0.08110629557580049 0.021934558868037256 0.4273488743976558
42 524.6389770368484 0.295797487673881 0.021934558868037256 0.6961939307279028
43 524.6253816265206 0.295797487673881 0.022027188328553368 0.6960563891375764
43 524.6253816265206 0.295797487673881 0.022027188328553368 0.6960563891375764
43 544.6228789578694 0.220254496845456 0.021970198373971843 0.6960563891375764
43 524.6306074325604 0.295797487673881 0.022060230602116124 0.6960431977863057
43 524.6396411427656 0.295797487673881 0.021933317091726245 0.6960932752075979
43 524.6250577947642 0.295797487673881 0.022028408332910802 0.6961698556478754
43 524.6315090542324 0.295797487673881 0.021957811361899372 0.6961939307279028
43 524.6254048250646 0.295797487673881 0.022027491062934907 0.6960563891375764
43 524.6285197523865 0.295797487673881 0.022050739403104126 0.6960563891375764
43 524.6253816265206 0.295797487673881 0.022027188328553368 0.6960563891375764
43 524.6394033285821 0.295797487673881 0.021934532997874245 0.6959951875957698
43 524.6242175148701 0.295797487673881 0.022005614452622224 0.696267943260289
43 524.6253816265206 0.295797487673881 0.022027188328553368 0.6960563891375764
43 524.6253816265206 0.295797487673881 0.022027188328553368 0.6960563891375764
43 524.6285197523865 0.295797487673881 0.022050739403104126 0.6960563891375764
43 537.4255635979031 0.295797487673881 0.022202279724579367 0.7871737196072814
43 528.6069106818725 0.3342113387633927 0.021981081348964624 0.6960581142782896
43 630.2791918716919 0.5390496566611548 0.021380394742006613 0.6960414726455928
43 524.6593805421063 0.29576385078945056 0.021974833580943574 0.6926131889743018
44 933.3327756846351 0.8843428524743051 0.022062409408811736 0.7156818916863956
44 524.6248276520208 0.295797487673881 0.022015519035060476 0.6960563891375764
44 524.6253816265206 0.295797487673881 0.022027188328553368 0.6960563891375764
44 976.7652005971369 0.7539671993724264 0.022028408332910802 0.4245517995984193
44 524.624877872795 0.295797487673881 0.022005614452622224 0.6960563891375764
44 524.9503205103696 0.295797487673881 0.02164609516219953 0.6960563891375764
44 524.6253816265206 0.295797487673881 0.022027188328553368 0.6960563891375764
44 524.6253816265206 0.295797487673881 0.022027188328553368 0.6960563891375764
44 552.8765127947735 0.295797487673881 0.021956267090639546 0.8328653055666566
44 529.5805855183484 0.295797487673881 0.02227337588327512 0.6481194124083027
44 524.6242175148701 0.295797487673881 0.022005614452622224 0.696267943260289
44 524.6253816265206 0.295797487673881 0.022027188328553368 0.6960563891375764
44 604.2556373777899 0.295797487673881 0.021957811361899372 0.9359469050510515
44 524.6250577947642 0.295797487673881 0.022028408332910802 0.6961698556478754
44 524.6243266380277 0.295797487673881 0.022005614452622224 0.6962291583285296
44 542.0058849412701 0.295797487673881 0.022027188328553368 0.6045297881172542
44 524.6285197523865 0.295797487673881 0.022050739403104126 0.6960563891375764
44 524.6253816265206 0.295797487673881 0.022027188328553368 0.6960563891375764
44 528.6069106818725 0.3342113387633927 0.021981081348964624 0.6960581142782896
45 524.6248138982462 0.295797487673881 0.022005614452622224 0.6960748486428341
45 962.0057758243656 0.9572067410193084 0.022005614452622224 0.5960412450084545
45 524.6244278938517 0.295797487673881 0.021999862161307455 0.6962909353472537
45 524.6259913585352 0.295797487673881 0.022032940857842666 0.696033397051014
45 524.6242175148701 0.295797487673881 0.022005614452622224 0.696267943260289
45 542.0058849412701 0.295797487673881 0.022027188328553368 0.6045297881172542
45 524.6253816265206 0.295797487673881 0.022027188328553368 0.6960563891375764
45 530.607088886821 0.295797487673881 0.022027188328553368 0.6412762680117935
45 525.032957046981 0.295797487673881 0.02242077614771209 0.6960011152130127
45 526.0406374295865 0.295797487673881 0.02125015833780735 0.6962844322537547
45 524.6251280763205 0.295797487673881 0.022005614452622224 0.6959873060860893
45 524.6240364227576 0.295797487673881 0.022005614452622224 0.6963370263130182
45 524.6285197523865 0.295797487673881 0.022050739403104126 0.6960563891375764
45 558.6021743442049 0.295797487673881 0.021957811361899372 0.5708324041308012
45 524.6240882228874 0.295797487673881 0.022010508635425214 0.6962772952612244
45 524.6251041821158 0.295797487673881 0.02202229416865433 0.6960470371368916
45 524.625037183352 0.2943224059166096 0.02202978245393771 0.6962291583285296
45 528.9060659375832 0.335717031613631 0.0219569165649766 0.6960581142782896
45 524.6250577947642 0.295797487673881 0.022028408332910802 0.6961698556478754
46 524.6242152728526 0.295797487673881 0.02200568282209096 0.696267943260289
46 619.3571112011898 0.3007709185699025 0.02201044026644181 0.5002855334047347
46 533.8686002988825 0.2943224059166096 0.020555607449706848 0.7394532256989872
46 539.9962212534782 0.295797487673881 0.022010508635425214 0.7955632367149648
46 524.6240364227576 0.295797487673881 0.022005614452622224 0.6963370263130182
46 530.607088886821 0.295797487673881 0.022027188328553368 0.6412762680117935
46 524.6242175148701 0.295797487673881 0.022005614452622224 0.696267943260289
46 524.6248138982462 0.295797487673881 0.022005614452622224 0.6960748486428341
46 872.9220906114774 0.8314674671551536 0.022009203520950666 0.6961138933403803
46 524.6253042528696 0.2943224059166096 0.02202978245393771 0.6961623021250696
46 553.3450238455164 0.335717031613631 0.0219569165649766 0.8140376856081346
46 524.6240364227576 0.295797487673881 0.022005614452622224 0.6963370263130182
46 962.0057758243656 0.9572067410193084 0.022005614452622224 0.5960412450084545
46 524.6250577947642 0.295797487673881 0.022028408332910802 0.6961698556478754
46 533.9527498023865 0.2514240730961623 0.02318847237054991 0.6963370263130182
46 524.6244103861326 0.295797487673881 0.02201038396590754 0.6961698556478754
46 524.6242175148701 0.295797487673881 0.022005614452622224 0.696267943260289
46 524.625037183352 0.2943224059166096 0.02202978245393771 0.6962291583285296
46 524.6240882228874 0.295797487673881 0.022010508635425214 0.6962772952612244
47 524.6240211175418 0.295797487673881 0.02200569475306449 0.6963420752467349
47 524.6242318092949 0.295797487673881 0.022005602521648703 0.696262894326583
47 533.2667030760309 0.2464849302675634 0.021448282243498946 0.6961623021250696
47 553.353133364249 0.335717031613631 0.021952652602898012 0.8140376856081346
47 524.6244724176047 0.295797487673881 0.022000115318217488 0.696267943260289
47 524.6255512849085 0.2943224059166096 0.022035281864899486 0.6962291583285296
47 524.6240364227576 0.295797487673881 0.022005614452622224 0.6963370263130182
47 532.9087845813089 0.244971423406102 0.022005614452622224 0.6963370263130182
47 546.0718862525757 0.296776264287673 0.0219569165649766 0.8140376856081346
47 546.4897026928843 0.334761034781601 0.022010508635425214 0.7955632367149648
47 529.6127730306613 0.295797487673881 0.023444750944337026 0.6962808319782142
47 531.0066298045164 0.2514240730961623 0.02174814150490145 0.6963334895960317
47 524.6241711757955 0.295797487673881 0.022007149869096576 0.6962684756042943
47 524.6241096963702 0.295797487673881 0.022008973219136873 0.6962767629172191
47 524.7583737559986 0.295797487673881 0.022029961550869354 0.688493931998329
47 534.2854604727524 0.3439472452086719 0.022027009231749873 0.6490291917474065
47 526.4272255529696 0.295797487673881 0.022873224836004437 0.696267943260289
47 524.6242152728526 0.295797487673881 0.02200568282209096 0.696267943260289
47 524.6250577947642 0.295797487673881 0.022028408332910802 0.6961698556478754
48 858.7080775150982 0.8158973600438252 0.022005614452622224 0.6963370263130182
48 524.6240364227576 0.295797487673881 0.022005614452622224 0.6963370263130182
48 629.0619866506502 0.192105277161077 0.02200569475306449 0.527264000154765
48 532.9087845813089 0.244971423406102 0.022005614452622224 0.6963370263130182
48 524.6241711757955 0.295797487673881 0.022007149869096576 0.6962684756042943
48 524.6242152728526 0.295797487673881 0.02200568282209096 0.696267943260289
48 524.6239623178258 0.295797487673881 0.02200568282209096 0.696366356345347
48 524.8073548226616 0.295797487673881 0.02173809405765607 0.6962436621617284
48 524.6242318092949 0.295797487673881 0.022005602521648703 0.696262894326583
48 524.6242318092949 0.295797487673881 0.022005602521648703 0.696262894326583
48 524.6241234441352 0.295797487673881 0.022007149869096576 0.6962859034843657
48 524.6240805039713 0.295797487673881 0.022005614452622224 0.6963195984329495
48 524.6466495094447 0.295797487673881 0.022029961550869354 0.6935545675536772
48 524.6840380195927 0.295797487673881 0.02200568282209096 0.6912073127156049
48 718.2200903246156 0.11230357057050452 0.023766529451848387 0.6962563885065365
48 524.6244841747169 0.295797487673881 0.022005602521648703 0.6961763614679339
48 556.9276169790664 0.295797487673881 0.021543529333791948 0.5725841036268737
48 524.624016314732 0.295797487673881 0.02200722048534036 0.6963258292361071
48 524.6240364227576 0.295797487673881 0.022005614452622224 0.6963370263130182
49 524.6240364227576 0.295797487673881 0.022005614452622224 0.6963370263130182
49 524.9454536953258 0.295797487673881 0.022005614452622224 0.7106252326219047
49 524.624071160958 0.295797487673881 0.02200542458718413 0.6963258292361071
49 524.62416453517 0.295797487673881 0.02200747872030053 0.696267943260289
49 524.7883107595767 0.3027526576579758 0.02200561943902648 0.6961901026249295
49 535.5097901998744 0.23823365353396636 0.022005597535244448 0.6963232851560823
49 526.496766404484 0.295797487673881 0.022889571605200765 0.6962436621617284
49 593.3800375542534 0.4371880505470364 0.02194035797454795 0.797010085954869
49 524.6238346019118 0.295797487673881 0.022007149869096576 0.6964013421737921
49 524.6242625357785 0.295797487673881 0.02200568282209096 0.6962509176560199
49 524.8073548226616 0.295797487673881 0.02173809405765607 0.6962436621617284
49 524.6241234441352 0.295797487673881 0.022007149869096576 0.6962859034843657
49 524.8766108248041 0.295797487673881 0.021690436917286657 0.6962553752523604
49 524.6279735689606 0.295797487673881 0.022053740768987164 0.6963546432547407
49 524.6466495094447 0.295797487673881 0.022029961550869354 0.6935545675536772
49 524.6244841747169 0.295797487673881 0.022005602521648703 0.6961763614679339
49 524.6240364227576 0.295797487673881 0.022005614452622224 0.6963370263130182
49 532.9100053686069 0.295797487673881 0.020170326196715604 0.6963370263130182
49 524.6239623178258 0.295797487673881 0.02200568282209096 0.696366356345347
50 524.6243379714759 0.295797487673881 0.02200568282209096 0.6962244808313582
50 524.8076667727938 0.295797487673881 0.02173809405765607 0.6963855376758188
50 524.6240364227576 0.295797487673881 0.022005614452622224 0.6963370263130182
50 524.62416453517 0.295797487673881 0.02200747872030053 0.696267943260289
50 524.6241234441352 0.295797487673881 0.022007149869096576 0.6962859034843657
50 524.6239623178258 0.295797487673881 0.02200568282209096 0.696366356345347
50 524.6241234441352 0.295797487673881 0.022007149869096576 0.6962859034843657
50 524.6241234441352 0.295797487673881 0.022007149869096576 0.6962859034843657
50 524.624071160958 0.295797487673881 0.02200542458718413 0.6963258292361071
50 526.496766404484 0.295797487673881 0.022889571605200765 0.6962436621617284
50 530.870848018929 0.3027526576579758 0.020429345663143854 0.6965129875306684
50 525.3923111288342 0.295797487673881 0.02145033235604325 0.6960141414113891
50 524.6242465315233 0.295797487673881 0.022004784922896238 0.696267943260289
50 604.7445668294583 0.295797487673881 0.022008376619841796 0.9370186943691131
50 524.8076731925971 0.295797487673881 0.02173809405765607 0.6963881527700512
50 524.6242036135128 0.295797487673881 0.022007149869096576 0.696256851565525
50 524.6239710474467 0.295797487673881 0.022007898256056646 0.6963370263130182
50 922.163765168641 0.07337253246297433 0.020613932263815925 0.5334354292027574
50 524.624071160958 0.295797487673881 0.02200542458718413 0.6963258292361071
