0.013456840734945776 -1.0 0.29677418 0.55481976
0.026647209376130257 -1.0 0.34752639 0.30088966
0.026383375619930954 -1.0 0.31271656 0.30088966
0.02612215407913954 -1.0 0.48825844 0.55481976
0.025863518890237174 -1.0 0.47972964 0.1268175
0.025607444445779386 -1.0 0.40622546 0.23993155
0.025353905391860783 -1.0 0.29839656 0.63033912
0.025102876625604717 -1.0 0.12388237 0.27895389
0.024854333292677944 -1.0 0.29839656 0.63033912
0.024608250784829654 -1.0 0.82523733 0.72832546
0.024364604737455105 -1.0 0.67548412 0.12250968
0.024123371027183257 -1.0 0.48825844 0.55481976
0.02388452576948838 -1.0 0.42564248 0.23993155
0.023648045316325132 -1.0 0.4688873 0.55481976
0.023413906253787264 -1.0 0.48318582 0.23993155
0.023182085399789356 -1.0 0.60218669 0.1268175
0.022952559801771643 -1.0 0.4516724 0.24475877
0.022725306734427374 -1.0 0.71090729 0.45762334
0.02250030369745285 -1.0 0.50376275 0.27884097
0.02227752841331964 -1.0 0.15083542 0.56034118
0.022056958825068952 -1.0 0.39587507 0.27884097
0.02183857309412768 -1.0 0.4688873 0.55481976
0.021622349598146223 -1.0 0.53471926 0.1268175
0.021408266928857632 -1.0 0.57122873 0.75557562
0.021196303889958055 -1.0 0.67733726 0.12250968
0.02098643949500798 -1.0 0.71233618 0.10717603
0.02077865296535444 -1.0 0.60070727 0.12296616
0.02057292372807369 -1.0 0.6769006 0.12636426
0.02036923141393435 -1.0 0.4688873 0.55481976
0.020167555855380548 -1.0 0.4688873 0.55481976
0.0199678770845352 -1.0 0.60070727 0.12296616
0.01977017533122296 -1.0 0.4021358 0.55481976
0.019574431021012834 -1.0 0.71158868 0.13390359
0.019380624773280036 -1.0 0.34972489 0.29685412
0.01918873739928717 -1.0 0.60070727 0.12296616
0.018998749900284315 -1.0 0.67548412 0.12250968
0.018810643465628038 -1.0 0.34752639 0.30088966
0.018624399470918852 -1.0 0.34752639 0.30088966
0.018439999476157282 -1.0 0.72230376 0.13657256
0.01825742522391809 -1.0 0.1340702 0.27718643
0.018076658637542667 -1.0 0.99827657 0.12248448
0.01789768181934918 -1.0 0.46763903 0.12299137
0.017720477048860577 -1.0 0.60070727 0.12296616
0.017545026781050063 -1.0 0.34752639 0.30088966
0.01737131364460403 -1.0 0.72230376 0.13657256
0.01719932044020201 -1.0 0.60070727 0.12296616
0.017029030138813878 -1.0 0.4021358 0.55481976
0.016860425880013727 -1.0 0.4021358 0.55481976
0.016693490970310625 -1.0 0.4021358 0.32736888
0.01652820888149567 -1.0 0.34972489 0.6493367
0.016364563249005617 -1.0 0.60070727 0.12296616
0.01620253787030258 -1.0 0.46763903 0.12299137
0.016042116703269885 -1.0 0.67548412 0.12250968
0.015883283864623652 -1.0 0.60070727 0.12296616
0.015726023628340254 -1.0 0.50440808 0.13657256
0.01557032042409925 -1.0 0.40214694 0.30088966
0.015416158835741834 -1.0 0.3110159 0.22426
0.015263523599744394 -1.0 0.64320653 0.20169507
0.015112399603707324 -1.0 0.72230376 0.13657256
0.014962771884858726 -1.0 0.4021358 0.55481976
0.014814625628572999 -1.0 0.46763903 0.13167173
0.014667946166903962 -1.0 0.72230376 0.43933145
0.014522718977132639 -1.0 0.4021358 0.1259946
0.014378929680329337 -1.0 0.67548412 0.66211968
0.014236564039930039 -1.0 0.67548412 0.11051015
0.014095607960326774 -1.0 0.3110159 0.1402845
0.013956047485472056 -1.0 0.4042543 0.12250968
0.013817868797497076 -1.0 0.67370098 0.30088966
0.013681058215343643 -1.0 0.7065028 0.30088966
0.013545602193409549 -1.0 0.25901225 0.12296616
0.013411487320207478 -1.0 0.67548412 0.52752417
0.013278700317037097 -1.0 0.67548412 0.15657978
0.013147228036670396 -1.0 0.96451365 0.12250968
0.0130170574620499 -1.0 0.34544255 0.30088966
0.012888175704999904 -1.0 0.23841856 0.14276144
0.012760570004950391 -1.0 0.37063138 0.29528381
0.012634227727673657 -1.0 0.67548412 0.12250968
0.012509136364033327 -1.0 0.7065028 0.30088966
0.01238528352874587 -1.0 0.34752639 0.13891257
0.012262656959154319 -1.0 0.3110159 0.31801562
0.012141244514014179 -1.0 0.96451365 0.12250968
0.01202103417229127 -1.0 0.67548412 0.12250968
0.011902014031971556 -1.0 0.67548412 0.15657978
0.01178417230888272 -1.0 0.34544255 0.30088966
0.011667497335527448 -1.0 0.67548412 0.12250968
0.01155197755992817 -1.0 0.7065028 0.30088966
0.011437601544483339 -1.0 0.34752639 0.13891257
0.011324357964834981 -1.0 0.67548412 0.15657978
0.011212235608747508 -1.0 0.72840628 0.15937928
0.011101223374997535 -1.0 0.52671598 0.30088966
0.01099131027227479 -1.0 0.19522292 0.10959853
0.010882485418093843 -1.0 0.34752639 0.13891257
0.01077473803771668 -1.0 0.72840628 0.15937928
0.010668057463085823 -1.0 0.34752639 0.13891257
0.010562433131768145 -1.0 0.34717469 0.16156121
0.010457854585909046 -1.0 0.34579425 0.2861256
0.010354311471197078 -1.0 0.67238965 0.12250968
0.010251793535838693 -1.0 0.55740445 0.30088966
0.010150290629543262 -1.0 0.70759607 0.15657978
0.010049792702518075 -1.0 0.67438101 0.30088966
0.010089491573373414 -1.0275951669535401 24.97360809 31.28017609
0.010165266664716304 -1.035041639355211 31.19590832 25.21629286
0.012527440173735749 -1.4271966955217679 6.51617363 11.82780643
0.01641313714259838 -1.6238167241661035 18.5398221 0.85950976
0.01797714586719751 -1.6387295258777081 13.06515273 18.06888752
0.019877485250584498 -1.835119065403863 24.91215391 30.4102693
0.02579767672622451 -2.1629083725902847 25.66361141 30.35830546
0.03549669748202625 -2.4929612323529633 7.43107819 0.62143119
0.04157528994017862 -2.5257833940858263 24.71264919 17.61102682
0.045526955010137926 -2.6881452290353365 25.30313015 7.62209004
0.06607011428725268 -3.2257025240025388 13.40222459 30.14697331
0.11153171781719273 -3.756892731567195 6.32364327 14.16533356
0.14128058508353913 -3.787966230688445 26.44098905 19.85817248
0.1563736833852248 -3.9716161185171828 1.15340305 7.52267752
0.20180144519106935 -4.299586803411242 4.59539113 12.36811981
0.37836302598046573 -5.114000291630083 19.86943059 10.9855214
0.6173825797571888 -5.434598266228831 14.42650131 31.31888839
0.793286858901286 -5.649369810637188 1.71732716 19.76516395
0.953779241706004 -5.826655908752376 1.8329975 19.49278777
1.7158363903562017 -6.67628011297428 8.17788104 24.33613917
3.724134474419238 -7.4321504353207 30.52156868 1.94879249
6.005402987869744 -7.76398639830805 18.0642613 27.1477568
7.943966624490998 -8.022322604893473 18.44046551 2.10884253
8.903984519502535 -8.028687441641562 18.31030493 10.47500193
9.04515310996717 -8.073198469185623 6.53429613 23.00465324
11.134365940428795 -8.432581271957833 4.37786861 11.30618361
13.303497336404638 -8.480620174715105 27.24680913 30.77573378
15.123053265851867 -8.697688822573998 20.51718295 14.20542869
16.593018524823833 -8.697800978582915 8.45144157 12.95859497
27.537371480972787 -9.553132938219074 2.21719216 5.73930454
63.48795194243943 -10.394074905978053 26.76211265 4.39653711
313.3553956606037 -12.208098798300844 10.24650316 30.41675757
1027.6217480735113 -13.256149699040787 31.19543474 22.65352205
1648.3091844052578 -13.428475107378913 29.40554856 14.4335397
1819.0643521462541 -13.479947429380191 14.08532492 21.08461287
2210.9141613043885 -13.811799593649301 3.98963912 26.57238539
3529.1859213281987 -14.382291273238717 14.34084077 16.68220924
5235.930455887123 -14.679009892329756 16.65336336 26.90094472
7108.345755634674 -15.008545626930683 21.27749135 11.29460728
14218.460789589986 -15.91411206719427 4.51975166 27.42913922
23851.561838263584 -16.23568923134862 23.64388315 28.97898678
57862.69517771997 -17.407125239763598 10.70716458 29.06116308
97756.096000909 -17.61833926301099 7.43297878 22.53403717
148865.10068597528 -18.19678031236933 22.42434078 6.05562316
189803.98019637394 -18.20662604334734 12.04176644 28.71976444
435137.3330665367 -19.489859688180474 27.6010051 29.49121914
898645.9778551252 -19.99903920569961 21.09230929 2.28995786
1362722.2214213419 -20.372011517856034 21.62370452 25.79677534
8945899.152136069 -22.694066700233307 9.02219011 1.68824254
16202838.70903939 -22.70274811362757 21.39874063 14.76412292
18862977.425902948 -22.99651757466824 1.98719761 21.51802648
33243468.056044538 -23.741725652643016 0.45347358 3.3800593
54485507.22358039 -24.10711352510225 14.30673159 9.08140118
80678521.36120103 -24.534560477307796 26.41233637 9.1660525
98773446.76663284 -24.57661900025037 30.03599951 15.44049471
219384156.5684909 -25.79868629083929 3.39213522 1.65970504
646065570.6003724 -26.846236859613192 3.42575791 27.25600867
1923066115.8687296 -27.964965541364258 22.49623142 16.1370212
7376406279.584214 -29.385603912774933 28.08927794 29.02343507
16946797173.739157 -30.01736707335685 9.04709667 2.86991906
22425994412.64335 -30.063422773986577 22.10139271 21.05668056
41567549680.20427 -31.041708564195783 12.93717958 28.29900688
61680355339.91116 -31.101993878113714 3.92950074 9.48394232
74303702365.2184 -31.411113954079703 30.84903109 9.44022628
98111152732.316 -31.683128182409753 9.40057949 2.47178128
127662225356.10945 -31.957296083672173 21.84302876 9.43921431
181142171613.73163 -32.37768973405387 21.19509443 21.96690142
232201813046.93323 -32.51312505230707 15.69208527 1.27765996
324087050462.9538 -33.00829983478466 4.29298041 21.94541555
580766630092.4562 -33.656980356003736 4.58669824 28.33572585
824714203640.0376 -33.82585725892905 15.62366504 14.59148689
1359648296167.531 -34.55412749722677 29.05864529 9.26261689
1958640412083.8105 -34.700238357123524 9.95059624 22.24321473
2301405489112.1367 -34.892657393846584 28.45295019 29.07885206
2680268322555.022 -35.029497193487224 2.18139512 9.58304537
2854414051681.1265 -35.043088860077994 29.21536243 9.26282964
3587654301334.1226 -35.462955929235235 9.34165675 6.21764596
4436039865970.068 -35.53014034673383 2.6651611 27.91387019
4730831178421.731 -35.6110272973321 22.60438298 15.42053845
7453105187604.913 -36.33311909730097 28.06577826 23.02513999
16040945527451.91 -37.1349637866529 15.83102528 31.04260011
23034550338371.316 -37.23102380705377 21.77451228 4.35163815
24949420747351.49 -37.31511383712524 1.40974931 9.5888581
28278480539420.19 -37.49510449176391 9.62835182 1.76858271
52523712402757.414 -38.388284418662316 15.86007024 30.9758204
73887205753406.72 -38.39069917235697 27.8635506 2.39714781
102308573461305.78 -38.97494508061687 28.04188004 1.60827176
136514666397386.73 -39.06939659057591 25.96828596 22.16962816
153273043994740.28 -39.22277728671757 28.01274551 10.80617134
180964851409471.88 -39.41783941770945 22.47247294 27.54362691
205919412439381.62 -39.50848586149152 8.56965177 28.69273298
241322382515823.34 -39.74333435935313 16.80818038 3.48214884
317718944853723.25 -40.06625357619439 25.0594661 9.60910516
440402167663482.9 -40.41242396820759 28.07278879 11.9313725
749116556119683.0 -41.071645601636476 10.98632142 2.84967227
1297179841675313.5 -41.57458164189756 27.74501144 14.86103005
1958956010003119.8 -41.94454111682797 10.00316492 2.34026971
3040013813356170.0 -42.445349445754125 1.92460489 2.73202215
3928049156774478.0 -42.53696364821033 15.27708151 14.54793423
6251933681683557.0 -43.266602002703635 14.71071351 2.61539584
1.0963766830806668e+16 -43.75214741728299 19.17559762 9.16231804
2.2376674163828316e+16 -44.59795845531693 27.83063535 23.33869464
4.99871999823195e+16 -45.3975508430198 25.73145001 15.40350647
7.456619257943816e+16 -45.56633791979952 21.64952971 19.91351094
2.314181083458766e+17 -47.131257353532575 7.00006575 16.05360968
1.6934304070723456e+18 -49.202698340847306 8.61735881 29.22460846
4.2246020973559603e+18 -49.810904899068355 27.19756894 14.96942704
8.230222427948222e+18 -50.52321159577031 22.70854255 27.12184841
1.3817700107010658e+19 -50.9468048049436 8.66379598 16.81321077
1.6739424043761607e+19 -50.97112334589631 16.19898662 17.5723377
1.741164422252673e+19 -51.044261380029255 14.95848092 27.14560371
2.625256924023786e+19 -51.70605824649822 10.46046846 10.26301785
4.981510576816604e+19 -52.350686861737024 22.43967688 24.38211779
4.346816108063557e+20 -54.87150831306428 7.51071859 8.86007049
1.0685879997494607e+21 -55.39179881295348 10.22826394 27.0041581
1.4691538826471444e+21 -55.58565162831923 4.50257276 29.03488276
3.627707036061891e+21 -56.85214809483291 5.82862934 21.48568303
7.918472269257478e+22 -60.15753157184483 27.69000696 24.40414536
1.7039033197751944e+23 -60.38311615392505 14.01780823 14.96702956
2.372233133209881e+23 -60.807298233877454 22.85692064 14.28441307
2.928446638452405e+23 -60.86802510614036 13.33437176 27.6732971
8.039858411549133e+23 -62.345621564073035 27.39051418 10.88601266
1.3247851996258502e+24 -62.388687857171135 29.43321995 16.80585885
1.4672620057830065e+24 -62.562719177412774 17.14532474 29.17637889
5.274503574668138e+24 -64.29994259257654 26.53271653 2.33676557
2.7126383668343585e+25 -65.93086916525284 30.22268697 21.2200595
4.55745654530539e+25 -65.95950051769695 10.06048765 25.31053501
5.2574049086510275e+25 -66.21982577204989 10.85034277 2.14298337
6.089463470448764e+25 -66.28894655298842 29.008058 7.2968088
1.2088051762397246e+26 -67.34533088464157 30.12770298 3.96755742
2.0048211199081497e+26 -67.57449629008694 18.87325995 8.76798176
2.0444437658024348e+27 -70.4361161228602 21.29212588 18.73226453
7.452954297296978e+27 -71.49821674342425 26.06502959 10.22720896
2.3443529473948196e+28 -72.68464684371155 8.31457906 4.62800485
1.5268714766623402e+31 -79.43883855265966 31.07393993 3.97505239
3.3904829741021597e+31 -79.65826553198727 16.92559724 7.87464473
4.708138443744386e+31 -80.08269214542126 10.34551371 26.00441542
6.0063743878074e+31 -80.2061180135404 2.26633347 11.9447105
4.3151877616942184e+32 -82.74534269655517 10.86646327 10.79845512
3.490726101354852e+33 -84.80140694201657 17.49518679 4.31179253
7.185175194473e+33 -85.09777084411526 7.51213558 8.31028321
1.649339178532482e+34 -86.2103589069662 5.04102758 29.41311486
2.9513595658354813e+34 -86.54782387880248 22.90484148 0.11858317
4.48828617292185e+34 -87.03762093374769 19.49250685 16.6798134
6.706059167454951e+34 -87.39791236600163 12.91724559 2.20344762
8.210475992297671e+34 -87.49236921194733 23.01532621 24.27525126
8.835596977866983e+34 -87.56546289690445 8.14128737 17.38955461
9.277594909671689e+34 -87.61072056928955 2.08256968 24.15808062
1.1631810473901337e+35 -88.0004280262514 17.23553669 20.58015232
1.5204838829627594e+35 -88.19467350445161 22.94745214 12.99601944
3.1743540983624093e+35 -89.24021729446011 29.37054119 30.40051266
6.3941830181193585e+35 -89.79959651540194 4.77066612 20.62752418
2.693048975569903e+36 -91.5374578563173 8.20690431 30.1899614
5.762333630532575e+36 -91.97004065987105 1.94569968 1.1645291
3.905033521294858e+37 -94.30078365962197 23.85017578 23.28371445
1.1225350141639661e+38 -95.08267524221107 14.44948442 1.19428631
2.9695709769889934e+38 -96.1454376769729 10.74603098 11.28659444
4.568840677129527e+38 -96.23237072198137 0.42195491 14.65188941
1.1897193319174152e+39 -97.62888026148521 23.09573136 0.61714177
1.8918767989536985e+39 -97.63240500507605 7.78579859 4.64810295
2.5290832757748388e+39 -98.16044710623011 12.16798659 14.63127698
4.722327823413569e+39 -98.85264184993022 19.21750107 4.22310129
7.385259624740014e+39 -99.1674997707642 27.20703221 25.25752694
9.173783166112572e+39 -99.32477458652549 13.00118351 10.52022066
1.1393954093423123e+40 -99.60717284031813 18.20663013 20.85635005
2.202581712653329e+40 -100.49281363183317 25.43043347 2.04763725
1.4942789769283724e+41 -102.65362637448413 8.24142654 19.5375277
3.1963972748036544e+41 -102.99681617353923 11.66576447 1.89161327
8.442154827822836e+41 -104.26663303804601 27.07622976 25.79787742
1.3416560283526558e+42 -104.3211015783261 16.93285948 18.08362472
2.2601407218660172e+42 -105.15950703274152 4.28202847 6.47681213
4.3556510075326186e+42 -105.74064185596905 1.70170182 26.35456094
1.2319260203963229e+43 -106.9802407017057 13.75428666 26.83574478
2.4073403236410436e+43 -107.41529460052868 19.18961806 29.45370619
3.461728973886275e+43 -107.74631294652113 25.98533258 14.41175442
1.100974807478772e+44 -109.25465145202384 19.83660187 29.64308089
2.601351484941154e+44 -109.90408432638726 13.27018219 10.70260845
3.882987695480577e+44 -110.16266794200048 19.92350299 29.69706389
5.636397778096365e+44 -110.63148431715237 17.67471668 20.50495524
6.9121575209502e+44 -110.64504717014393 14.483558 12.96625253
8.026353681157214e+44 -110.93008478063722 11.19200499 11.06227717
9.788181223197978e+44 -111.07671164510482 14.45070157 24.57376239
2.5666744863920736e+45 -112.44679427900356 1.87898511 13.07090919
4.194635025276697e+45 -112.51446059055563 26.99208798 11.97141283
5.758631769410389e+45 -113.03471102410012 19.95272517 20.51142616
3.4647455059806417e+46 -115.1967278529577 1.00949185 10.88558793
7.459202864578855e+46 -115.55067123909168 6.55159773 16.97224296
1.184861938751203e+48 -118.82041190315232 10.78097671 25.72478054
5.2759924999690664e+48 -120.12014963100378 17.09039573 5.64898517
1.0919850433195243e+49 -120.62713435546198 8.11752154 6.23419986
2.2847478248504766e+49 -121.49676008617553 18.75048642 8.1066202
3.95405925658951e+49 -121.88915001506479 18.73879008 17.03086994
5.089983895112482e+49 -122.05324817196158 7.03069026 20.55068414
1.6946902103733813e+50 -123.70509156456427 30.82269605 4.55524293
2.9579030337292906e+50 -123.80111045375733 10.83146558 13.12763628
3.5912613163423546e+50 -124.09397572554656 17.05534887 6.16083455
4.68673630452569e+50 -124.35752840700675 0.2142332 23.34761525
5.516630504140153e+50 -124.45488435871438 23.51452125 11.68518173
8.053589029158538e+50 -125.0494062610111 4.99477877 20.18952192
2.143044897481389e+51 -126.20335059951239 4.985585 30.10451572
4.682392842803949e+51 -126.8466611867319 11.05132864 1.01911082
1.455010291461866e+52 -128.17847549686962 7.97636067 30.8898149
2.980531843197453e+52 -128.65789887924853 12.55270021 14.31443844
5.669570144530048e+52 -129.40493241369342 1.6631908 0.58807294
1.98735287086688e+53 -130.84421326140622 11.13278429 13.62554879
4.177933431368293e+53 -131.33077265759184 19.61465038 7.86427682
8.589682234742472e+53 -132.18648155817962 30.09963814 5.09718309
1.5646400884072248e+54 -132.66990091504255 24.30434443 14.10387908
7.740389073991372e+54 -134.62685959226118 26.39924068 1.19787911
1.829551983071546e+55 -135.17183884479962 18.05497696 29.89456217
2.353743883935743e+55 -135.22331946196192 17.54058757 17.71057564
1.0963195325057918e+56 -137.3241113270081 11.12190266 13.46172319
1.9389965191438826e+56 -137.32900175746852 13.15982976 23.56254872
2.3261835689546055e+56 -137.67786194013365 20.31592447 30.5713119
4.171891624852463e+56 -138.41469085146457 14.20002305 12.78026264
6.79747059947397e+56 -138.7746677555535 11.32097172 13.7148378
9.872577272173528e+56 -139.17369107478302 1.52375516 0.6679713
1.3487922638555282e+57 -139.440442834463 25.0092784 14.19629712
2.0253931799824686e+57 -139.95816349582205 26.69238711 25.65884269
1.0806476362463042e+58 -141.98630434115452 12.28958787 14.15430109
2.0437366331251738e+58 -142.13598314123465 5.68495082 20.36274643
2.63284607839434e+58 -142.4876180979586 4.75595635 18.3100669
2.203297304849613e+59 -145.08276902512046 23.60024816 25.53531705
6.040942244568164e+59 -145.76377721804255 1.06319081 1.2119958
1.1663025373796223e+60 -146.42484652454618 20.39948534 18.6518845
2.350153199144207e+60 -147.16007867143497 1.15635797 13.6676423
3.525544790070683e+60 -147.376384831267 5.65039203 7.72323262
3.941433718809509e+60 -147.41431321101297 12.29167429 1.52992928
5.042342304251115e+60 -147.84357948716598 25.59243335 14.05504922
1.396610123242777e+61 -149.12965912220398 19.71835696 30.11140075
2.90324822434308e+61 -149.64832820081594 18.90529634 17.32444238
5.477160453261723e+61 -150.36115725181858 20.36797004 31.41168069
8.208950624397899e+61 -150.5889864438654 30.23735544 19.86629773
9.849235767038018e+61 -150.75172994578477 26.27470229 1.05597942
2.068072006479517e+62 -151.8243191330379 30.00095308 6.84066502
3.1722776513077e+62 -151.9006389422417 0.39411091 14.02580407
9.919944640706404e+62 -153.5268577462858 0.91373977 23.91733125
1.993824648858472e+63 -153.88401517121838 7.74383207 6.55611035
8.141886306776398e+63 -155.67745088185697 19.1601675 17.41456259
1.7849690399571314e+64 -156.1365678467098 24.80596857 26.55975364
2.1766765697083735e+64 -156.14636448542072 12.94208434 11.14955027
6.015233842726802e+64 -157.66260073185197 0.37414331 11.16590086
2.615182457644939e+65 -159.13394295842582 17.45130196 5.97722689
6.383510865487966e+65 -159.8426874872461 30.22432951 18.02843505
8.97769456623357e+65 -159.95573619880838 24.16200499 11.48927897
9.558561340264229e+65 -159.9908612430946 1.08593711 24.17274969
1.109413175292224e+66 -160.2563357450719 24.56985557 23.81761276
1.9376380067880817e+66 -161.0062055835157 25.85440119 1.23464312
1.5838181396626365e+67 -163.41817660514715 19.36403479 30.12024107
2.9872801006112764e+67 -163.49119192798207 24.191013 13.61528936
4.323241610374954e+67 -164.09027851063996 5.52668283 7.45844651
6.780423611662307e+67 -164.4647264726056 19.85804322 19.81895749
1.3211887504072117e+68 -165.30688194107478 17.54769187 6.70936633
2.3262462637040947e+68 -165.74151730801904 13.50711606 26.14803685
3.0876792289077344e+68 -165.93100693520037 11.95169561 13.79229467
3.355673811029562e+68 -165.93683832639525 17.51422702 6.04355476
6.544476450887693e+68 -167.01119077880787 17.74895528 30.604838
1.2457261068798289e+69 -167.46803690468738 7.43183544 18.12289307
1.6782092236792647e+69 -167.6687807719124 19.75774823 17.83467215
1.959223404309848e+69 -167.80312808186696 7.58147866 31.08721061
2.223782200168356e+69 -167.94171512481867 13.7636355 11.94316605
8.921891073234498e+69 -169.82573622540545 26.33759145 0.5540547
1.663691137716124e+70 -169.9824047921821 17.81307729 30.57519124
3.0892263347335066e+70 -170.89021134841445 0.09692853 11.26932249
1.7637087302129205e+71 -172.8492486659868 5.91889128 20.08251301
5.316387133049663e+71 -173.75497076214123 11.41202561 12.00619447
3.012276703331062e+72 -175.70602138076796 24.07104598 13.25594838
5.40880153631095e+72 -175.7748856347688 30.28530164 19.40689923
8.209927397932353e+73 -179.12972607992668 23.92343969 12.61084438
2.0746835314091287e+74 -179.62529191973124 26.17421636 0.63528759
2.839383358412901e+74 -179.8277333278774 0.34208133 13.72475343
3.647942451613926e+74 -180.13331828777402 5.40483741 19.69380977
1.259739644512957e+75 -181.75414549061117 25.67111036 26.1969037
2.5744456823752527e+75 -182.14090906235342 24.43411615 13.53328184
3.0363337951932082e+75 -182.1412449688086 19.9777836 6.63631515
6.0147412179830216e+75 -183.24012089903684 26.15995576 0.57415682
1.8915598982106267e+76 -184.41409323369902 17.86848682 30.78796038
5.30139370988508e+76 -185.4094728452208 30.58456626 19.65297384
9.67851927846212e+76 -185.83172361997867 12.6524947 26.26459893
2.1262572862380813e+77 -186.81509840545544 6.00441578 30.32389201
3.9883688394132196e+77 -187.28708064050716 26.02411205 11.86726048
5.934684413381742e+77 -187.6519458619576 25.1436255 1.11390738
1.2935039327880237e+78 -188.65615456744305 30.98449033 30.39333971
4.943285914939244e+78 -190.10866559166902 5.494198 7.04933928
8.466960565355993e+78 -190.23505624479185 26.11978896 12.09826543
9.24107129614791e+78 -190.30626238224934 12.15965638 26.14387948
1.1006489832196131e+79 -190.58633266173453 12.03800557 11.61307529
2.510501886471193e+79 -191.6997492875807 24.88918684 11.52495265
4.135848339258937e+79 -191.89067844101794 11.83792831 11.77172691
5.472216996959346e+79 -192.25561992955647 5.22337324 18.81167539
1.0336783575257142e+80 -193.05867256324828 13.34310356 11.83957871
1.5705639438945493e+80 -193.2591777904476 6.02032178 5.26510805
2.3092825676004537e+80 -193.78998418386809 30.65937801 7.01817158
2.8835105146167247e+80 -193.79284669205182 19.41975291 30.53120536
4.038980129808745e+80 -194.39464749011907 17.95152241 18.31629908
6.603552547861835e+80 -194.8367208509299 17.92211615 18.38470797
1.0783612630140304e+81 -195.3728406621134 19.46684285 19.67929858
1.3739825587614749e+81 -195.41179578255432 19.75490867 30.9223904
1.922466113021995e+81 -195.9841171278056 25.97345019 0.58840744
2.7809063833593174e+81 -196.2351176697988 19.69762406 5.71149532
4.238558944363278e+81 -196.78733358435701 30.86761522 5.42843433
5.405143269486115e+81 -196.81634930316588 13.02215207 26.03750377
1.0114717423654161e+82 -197.81918489806705 25.78386406 0.76455931
1.710504868505514e+82 -198.10780210557598 0.71108796 24.42838349
2.7365088676343084e+82 -198.7102356392298 12.34801967 26.09293863
4.27803097032962e+82 -199.07723033893365 17.9448168 31.03013097
5.288504218245828e+82 -199.18481336484297 0.20406258 0.95711436
5.890640050621956e+82 -199.3116616262076 5.60462152 6.99795362
6.808123045586226e+82 -199.49027266714214 18.96585103 5.31640356
7.39881163564438e+82 -199.5058722146742 5.56302747 18.18039035
1.1114037319929563e+83 -200.20442263553838 0.09014559 26.09319494
1.4759798697926396e+83 -200.21274266624886 13.19876313 24.39219504
1.9079194406043116e+83 -200.682950982781 19.78294699 31.18999455
3.260859747627444e+83 -201.27343919279775 18.31615533 5.4862109
5.107966197792183e+83 -201.65097936309624 13.27704261 25.77130503
6.631243370566352e+83 -201.8416694279268 17.93487444 19.09110197
8.257825531723046e+83 -202.1018225063513 7.17417376 19.16156461
9.283619894217891e+83 -202.11259398095223 30.89399219 30.62444944
1.1823629963402068e+84 -202.5565700281983 12.95649066 25.98778389
1.4298140093116481e+84 -202.56142673134195 11.85913686 0.62456985
3.6642234710280027e+84 -203.98794343354558 31.1919396 7.17384029
6.742334203347002e+84 -204.25394665312342 18.21279601 5.61718861
1.1664798269124098e+85 -204.9895032000703 18.71024299 30.52236166
1.570228376406391e+85 -205.0005949308365 19.6013941 18.33611005
1.6004489847925746e+85 -205.04702206477063 0.05933833 26.03381309
2.2057719687045997e+85 -205.5898441589623 13.22912269 25.74696742
3.157682110260201e+85 -205.84143779194312 12.00697119 0.70487495
5.3248992204527824e+85 -206.5482572367578 13.38555641 12.22625827
7.280792842279476e+85 -206.60850503063864 13.17605752 13.2146444
8.826508497026965e+85 -206.9285984010473 19.72714495 18.88526515
1.1825782982293599e+86 -207.2180800984606 30.84550133 19.52161533
1.4785105211863137e+86 -207.40713071840568 5.43686137 18.63314839
1.8786798193339303e+86 -207.70401601339927 12.14969732 25.89981543
2.438106809008502e+86 -207.95463025962545 1.17017284e+01 1.56024733e-03
3.2015517456129084e+86 -208.26102671248825 6.0576773 5.4509243
4.89343209166472e+86 -208.77986840336246 24.61397666 0.68567595
9.85007418364057e+86 -209.5877429533765 12.83892332 24.33288105
1.901933286679988e+87 -210.18635697642648 31.20515584 7.0921276
2.4442344352778617e+87 -210.19761231408685 11.75868412 0.21515696
2.64116533221455e+87 -210.35507372562498 6.28211468 5.45101488
3.8488292689570443e+87 -210.90273753598836 25.79029315 12.05940059
5.826299367657007e+87 -211.2485216533794 25.67286849 25.75725176
6.968508246691884e+87 -211.3094912116158 25.25468596 13.37675848
7.809706996379349e+87 -211.48921932898546 6.77482369 18.19090365
1.014559186612516e+88 -211.83163096038805 19.65535272 6.18230738
1.2111823025602408e+88 -211.8916737354142 25.85144236 25.51673837
1.2611269782851876e+88 -211.93282691685883 30.87694564 6.89582023
1.363132349349515e+88 -212.06330373131 7.04468226 19.12811288
1.5337053925187222e+88 -212.1888457634918 5.61224134 18.39284551
1.736077240984359e+88 -212.33004480387535 30.88758306 19.46386333
1.850593227039379e+88 -212.3414503451006 24.52547106 0.53623146
1.8681012346140803e+88 -212.3686259276154 6.03552723 30.64880216
2.2630030079149942e+88 -212.71519714108294 24.44920361 24.70994461
2.758018836043049e+88 -212.81171710792157 0.32724079 0.73109668
2.935563003354122e+88 -212.86157776811157 24.61107967 13.1763213
3.1099674742932287e+88 -212.94588868762617 0.7095163 24.76382489
5.038494079168512e+88 -213.706844919051 0.40119603 0.67964668
7.26047040915769e+88 -213.8338351975473 25.75245073 0.48723939
8.99610759989812e+88 -214.1366344452051 6.12667761 5.51919476
1.174652212960464e+89 -214.39363412808183 24.92487918 25.88110265
1.4726654531571082e+89 -214.61317986832387 0.3195885 0.70600952
1.6658525278882355e+89 -214.67124406292652 7.05257069 31.35928395
2.3748112313726048e+89 -215.2581723973907 0.39034645 0.65962395
3.685664996097336e+89 -215.6221794892261 19.14820053 5.58442958
5.34450515374875e+89 -216.01577176178895 6.79886 5.73005476
7.342564662073133e+89 -216.29620349671353 25.66312102 13.09949728
8.363885463116909e+89 -216.3156441368091 19.26450534 5.65719618
9.222403426909197e+89 -216.50287293896355 6.79024896 5.73212244
1.0508687748241941e+90 -216.60292729044377 25.26043163 13.29878401
1.355013954472353e+90 -216.9954002226362 24.63996383 0.55384351
2.178913318310859e+90 -217.5383186414186 19.57448629 6.36100555
2.7684933101131854e+90 -217.56685372078928 13.29323152 12.61602466
2.8853256253860388e+90 -217.6397632457687 24.68724073 24.55290163
3.035315523741579e+90 -217.68883629490415 18.13556928 18.71160374
3.631392622033216e+90 -217.9954552615407 25.44074986 24.47715472
4.762311030379986e+90 -218.25729205544152 25.82484379 25.32766895
6.863496416160285e+90 -218.7121341270124 5.59173773 6.11428968
9.346742013856735e+90 -218.9338324900041 18.63492412 19.52506721
1.0571471808650744e+91 -218.98977729329548 13.0713271 25.63250102
1.3840768405225544e+91 -219.4426035547265 30.76693265 19.11561078
1.684638183829177e+91 -219.45351389030404 25.56516671 25.6868776
1.935843432459377e+91 -219.72248629695852 0.37348658 13.15623488
2.4384627388821953e+91 -219.94116489788433 12.88547799 24.51629946
2.9687011383406434e+91 -220.13814689121045 5.79557224 6.77444439
3.46895292792947e+91 -220.27736539070983 25.57819706 25.65946732
4.9945612436427324e+91 -220.81933213895783 12.22894997 13.15707733
6.65849715615408e+91 -220.94119469687175 5.73013446 19.24314992
7.098753639008546e+91 -220.97077521854413 11.90564476 12.70901391
7.503777042486821e+91 -221.06983637584597 31.21864082 6.92851293
7.892663923772138e+91 -221.0940361747505 12.66418229 13.23290844
8.229082975753037e+91 -221.17185175347842 30.99831112 30.88534806
8.947345092833706e+91 -221.27989773889541 24.47852184 0.14914968
9.52881338403305e+91 -221.320190325874 18.98379019 19.50622077
1.109602652776727e+92 -221.5869944285892 13.09231161 12.97883729
1.285539332242501e+92 -221.65115821574116 19.29421904 30.91814155
1.3269503482868358e+92 -221.6712333982096 12.35658017 25.76395226
1.3500414963954668e+92 -221.70537226146897 19.49059132 18.6753474
1.3976617003415374e+92 -221.76000978175747 30.80502791 31.1552011
1.656643900239136e+92 -222.0456735543138 12.69674719 0.64533844
2.1109800059839964e+92 -222.27216239500612 0.49801764 0.42869079
2.3307534931140034e+92 -222.27644522290203 11.95366462 24.89998031
2.5021935629922037e+92 -222.42826332272355 0.05164167 24.48310347
2.7340511114747364e+92 -222.4786999678234 19.19256868 18.29376295
2.972793595397496e+92 -222.61180900762687 18.20458341 31.34649427
3.259896376627948e+92 -222.68603634574842 6.58569029 6.85770009
3.3932074889648225e+92 -222.71306460637848 25.33659675 13.18136745
3.6655992814264675e+92 -222.85548539466993 12.7799929 25.7419845
3.893735847684725e+92 -222.85878365325024 19.12416579 18.26468543
3.933422273101646e+92 -222.89533634071563 25.47900627 25.67829338
4.1243935912549165e+92 -222.972354048535 18.5105335 18.301068
4.4033707941600504e+92 -223.04625713477662 6.21577446 19.48743829
4.593041128072734e+92 -223.07771644946092 6.14927591 5.65607608
4.885845763929857e+92 -223.1870199703075 12.92809658 12.03675923
5.134100961402785e+92 -223.1996870114301 6.62176396 5.73894682
5.316005520808054e+92 -223.27517147111462 5.65333831 18.74963587
5.769239641419424e+92 -223.38180662208327 6.47376772 19.45690205
6.291605400716094e+92 -223.4693501449532 0.61304279 0.1649937
6.631578981497206e+92 -223.5084929522817 24.64496225 12.97471531
7.111734072915737e+92 -223.62599072074056 11.9353623 12.54041923
7.842142226063689e+92 -223.72492874410193 25.61671935 12.15928252
8.366123989036574e+92 -223.7770166636012 25.65427957 0.3556193
9.466066359291607e+92 -223.98206070952295 25.7132879 12.80243479
1.0885213042166235e+93 -224.08418706324753 0.59595453 24.94599489
1.311975423782635e+93 -224.35915294417254 12.84428121 12.01150987
1.504507476076629e+93 -224.39644562705763 24.63115183 0.36542916
1.5611801905813228e+93 -224.45256693759904 18.94629811 19.45951103
1.612465830786845e+93 -224.48156834596264 12.09289875 24.73360262
1.8498800253924897e+93 -224.73177952516542 6.7413311 6.69331673
2.449789651300479e+93 -225.05313543978093 0.42903768 24.70019084
3.1016214225576315e+93 -225.2404720138632 6.82821367 31.15333799
3.86911755998118e+93 -225.50637559374593 13.01959495 25.52758331
4.9295675479006e+93 -225.74789860188682 11.98877553 12.42338415
5.644368126682023e+93 -225.81065387450155 6.03198389 19.38862009
7.10181066260189e+93 -226.1920241171462 19.42665064 6.38964216
8.856841851705051e+93 -226.30517877839742 6.47680825 6.83556485
9.37967549514909e+93 -226.3296837790982 25.07687092 25.71420618
1.1212623321757892e+94 -226.65575585610583 6.8112514 31.1778195
1.4201901528927874e+94 -226.84022441536783 6.57805864 30.92079557
1.5356500052679507e+94 -226.84047757839622 12.51161702 11.99418386
1.5496416158655927e+94 -226.87791461270916 6.2443953 6.85594874
1.708787787358282e+94 -227.0489456617859 25.51075817 24.70236355
1.926226107330742e+94 -227.1424894334483 6.38826644 30.85630661
2.0102558466615475e+94 -227.156383469015 6.59603388 19.32665712
2.059524930055878e+94 -227.21014260924144 0.02295662 11.99893385
2.1798490456601334e+94 -227.28901242508752 31.27135208 6.83132369
2.2872163095035478e+94 -227.3273895290415 18.65076565 19.38006048
2.5201026214889342e+94 -227.4961019771864 12.9867368 24.75610886
2.7910262723107814e+94 -227.55766973077624 19.35703195 6.52587777
3.0424378725582788e+94 -227.68537524540318 12.05039773 12.78384351
3.6305366614867736e+94 -227.92121456391968 31.19350767 18.34053555
4.070625006833532e+94 -227.94780424751107 19.19559903 18.41471224
4.1670930766524594e+94 -227.98773760506936 25.31387095 13.08986132
4.233303043482207e+94 -227.99959611689732 19.22600073 31.00836215
5.280546595039592e+94 -228.40829607597195 12.76735463 24.62507178
7.972769317689539e+94 -228.83895911951262 25.42790671 13.01644164
9.878630125017502e+94 -228.9019039948755 0.29385597 13.01581237
1.0389288363929481e+95 -228.95981475425188 5.83364733 31.12432956
1.0935980802000596e+95 -229.0241736813988 13.00933858 12.26707743
1.1908798059770947e+95 -229.1473954826735 24.67871224 24.85538075
1.34405561599383e+95 -229.2851275700023 6.23696769 19.37564765
1.5524720402101574e+95 -229.4532876030423 24.69593523 24.83963247
1.680972250836974e+95 -229.4710580639959 0.43622212 24.83939971
1.7483494092365653e+95 -229.55029750212756 6.65802837 6.64976994
1.9669155521216212e+95 -229.72085342050184 31.08038264 18.45124536
2.1784351772746674e+95 -229.78084256583048 25.46432728 25.53276101
2.8698075295705557e+95 -230.2405548651558 6.29479502 19.35824713
3.5354945958565837e+95 -230.270116308451 6.47883768 5.8133879
3.58047612205444e+95 -230.285896898596 6.66539482 31.07939427
4.0077809347174697e+95 -230.50372425267543 6.32099532 19.35156756
5.272314559512455e+95 -230.83825214517995 18.93269464 30.92635487
6.761903068949529e+95 -231.0390767375946 12.86204459 12.17140524
8.341680736123123e+95 -231.27433448484402 19.2499902 31.13647268
9.727834872413736e+95 -231.37757209627992 5.80439803 6.20487477
1.0182245821837725e+96 -231.38817883435806 0.1973664 0.44353099
1.0470305917257938e+96 -231.45226944749112 30.96262129 6.45262763
1.0959058117319218e+96 -231.49978796615414 6.51514635 19.27349041
1.246711194018511e+96 -231.71863991961044 19.17086282 19.20456578
1.387061854434881e+96 -231.74482483825406 30.95380732 18.72980062
1.4122620194344743e+96 -231.7745017213344 0.02597088 12.09059447
1.437786022204486e+96 -231.80059892571666 18.58779245 18.45096501
1.4509825372265838e+96 -231.81280836281562 12.29800575 12.96025682
1.4677482525782297e+96 -231.84328168113842 18.97553428 19.30782295
1.555962166418153e+96 -231.9469832424829 24.66422755 25.19616568
1.6935666502796047e+96 -232.0334848689818 12.93851091 0.29008693
1.9132634224960638e+96 -232.20532778893636 12.19351176 25.41561426
2.2034283167411315e+96 -232.33872193874512 12.90947236 12.25235506
2.5020020813281897e+96 -232.47891751634253 0.3416572 25.44366294
2.836266777777962e+96 -232.6100324335473 30.98229985 18.70100726
3.0364061604545953e+96 -232.63927108529384 25.36440518 12.17117287
3.3394686257682555e+96 -232.81289415319654 30.99243583 6.4463488
3.7721046810571575e+96 -232.9080772730383 12.80680192 24.74997975
4.731752567445919e+96 -233.25793814284717 6.5269006 31.0448645
5.637390038543997e+96 -233.30804721040425 12.1349745 25.22976303
6.054732164534244e+96 -233.4182686966808 25.52277548 12.77009433
6.707987124645708e+96 -233.53263307231379 1.21296567e+01 5.69929222e-03
8.087907995832925e+96 -233.7980231966452 31.31012904 5.86572973
9.152166410401702e+96 -233.81723899343274 25.49872482 24.9057219
9.31013415319052e+96 -233.85194089493217 12.24550416 24.8464856
9.611233379276362e+96 -233.90050914924436 24.71093313 25.20590615
9.786904785163267e+96 -233.908640064871 0.13188263 12.97365042
1.0453023855587153e+97 -234.04731463701148 18.59632868 19.19114802
1.1327468397417766e+97 -234.0934901550802 6.00681794 5.9614419
1.1518415656722387e+97 -234.10116658085389 18.4278623 18.88523341
1.212577483920247e+97 -234.21305014275796 31.10399742 18.56646958
1.3108856800887883e+97 -234.27901689729245 12.35795939 25.49671908
1.364205467626747e+97 -234.3134799668047 19.17664455 19.11099875
1.4479180127190738e+97 -234.41571174717794 24.73778039 25.26258753
1.5266362326090595e+97 -234.4417036417773 12.59330633 24.71875212
1.5969447712190723e+97 -234.52413410711625 12.16016685 0.07408709
2.0674481232993063e+97 -234.93735955108912 19.12856942 18.55858031
2.904635800326564e+97 -235.24312634486475 6.17141226 31.03727376
3.3431315334968317e+97 -235.26165709153858 12.77303384 12.23016078
3.473216306624644e+97 -235.33800226306266 18.99161445 18.48372674
3.570309724674427e+97 -235.3381571307331 31.03030474 18.77784447
3.66611929671781e+97 -235.40959021189065 12.44684112 24.76098362
4.808861083787769e+97 -235.85318943913109 12.18785761 12.57056929
6.112531056373675e+97 -235.95543663320666 31.32540433 6.6480221
7.024031548598363e+97 -236.1447489676289 0.21303765 12.87021985
7.707909664194737e+97 -236.16994440457503 12.22876196 24.98079552
8.468592369601947e+97 -236.34536005562066 18.75469457 6.63585825
9.417394129013851e+97 -236.40890673858235 24.86946084 12.81745102
1.0642204276490455e+98 -236.60154541312815 31.29002397 18.51432382
1.1841861175444397e+98 -236.6510834237845 24.96753996 12.25011937
1.4319723766916456e+98 -236.97580725721804 24.96071506 12.26449541
1.6712199970273402e+98 -237.0060047384609 0.09980936 24.80105698
1.6936793180694005e+98 -237.02256606738615 25.09076096 12.22314412
1.7431427876886636e+98 -237.08264456806998 12.26249388 0.16184503
1.785463963935144e+98 -237.0913273451837 6.00471564 31.2137473
1.782221619067502e+98 -237.09891444925552 12.62416454 25.47140829
1.7844884492977528e+98 -237.1137297341452 25.35492828 24.87078824
1.793734413553897e+98 -237.1291464058688 6.59559744 6.42443965
1.7901841689031587e+98 -237.12972731141284 6.00646575 6.08053133
1.8355548661260648e+98 -237.19794073548195 0.06135372 25.46780866
1.9130867086850754e+98 -237.23322223612254 6.20929637 6.61466045
1.931500899031018e+98 -237.23730711182353 18.87536813 6.6216269
1.99386574414627e+98 -237.31516782108807 18.64213363 6.54937704
2.096106070526826e+98 -237.35827060089156 6.61012423 6.20624668
2.2326237318249008e+98 -237.4591804566243 6.12067602 31.12525047
2.387148643033271e+98 -237.5138140914485 18.58801739 31.21234465
2.4300598719003234e+98 -237.51545911427277 31.17663107 6.51246034
2.566157651042719e+98 -237.63889627640492 18.6852888 31.132587
2.760975020510825e+98 -237.68498393801485 12.71802625 12.27772925
2.845454089727169e+98 -237.71931089658526 18.52618611 6.31318445
3.1821592425083287e+98 -237.91891029754078 5.96772674 6.32715652
3.4757691791883945e+98 -237.92565533011503 19.16604616 18.88330336
3.4745730023634526e+98 -237.9380952323428 0.28477908 24.99103273
3.5607326602095475e+98 -237.99380825968777 25.37254958 24.92630185
3.808910876417081e+98 -238.09115742299701 12.33868338 24.91752824
4.03409257423586e+98 -238.1305651810263 24.92151876 25.36240351
4.075684910504116e+98 -238.13196065759638 6.4553202 18.58941732
4.097075784453098e+98 -238.1607288094148 6.02105057 31.24859069
4.144137308706606e+98 -238.17486057315156 25.27162172 12.28868943
4.269512966300871e+98 -238.23925321838826 12.83567259 0.15028675
4.380843076041086e+98 -238.24726446933263 6.49222629 6.05668915
4.6466439490917276e+98 -238.37302657838126 19.14360277 6.20665315
5.004599615006477e+98 -238.4190122998464 6.0411165 6.46461357
5.155955281258627e+98 -238.45276113141614 0.23166017 25.32554477
5.343636037124434e+98 -238.50988971646333 5.99595883 18.93365669
5.770808964930259e+98 -238.6240340277688 24.83744167 12.56136726
6.344242090122566e+98 -238.72020524992578 12.28679993 12.65110323
6.728940521535542e+98 -238.76351720220796 6.21858275 5.99985473
7.338785722533896e+98 -238.90881314631773 6.18849627 19.11898115
7.898331271318033e+98 -238.93546953958918 24.84823855 12.57132179
7.979095417187198e+98 -238.94919145742745 25.17785676 12.84684953
7.959526690574384e+98 -238.95050581841954 0.13506923 12.81640169
7.920459878706787e+98 -238.95923297532065 24.86284271 12.65406494
7.934315419332285e+98 -238.97386759248843 31.19462125 6.1061348
8.175983327651187e+98 -239.0381617577362 19.01521507 31.18881704
8.485299393284942e+98 -239.06883469076783 12.74635162 25.3472614
8.618823822942872e+98 -239.08941858480566 19.09340236 18.71352231
8.797599058711684e+98 -239.12950011363998 18.58658867 18.93879702
8.963017321537743e+98 -239.14690130230747 19.10329613 6.17181629
9.133790110667168e+98 -239.18682563443878 0.22933727 0.15305709
9.569358674643251e+98 -239.25906691552706 12.39392414 24.92097908
9.84646514470138e+98 -239.26511423698264 31.20552332 6.45693918
1.008367796813296e+99 -239.32567117736585 6.03943089 6.40059837
1.046772407620959e+99 -239.36038735950203 25.0456519 0.25474297
1.1310602518361558e+99 -239.49615623773326 19.11358641 6.28130736
1.215254636679298e+99 -239.52823190921254 0.16125462 0.20775795
1.2377287693800871e+99 -239.5528119204986 18.74906987 6.04125123
1.280979818122339e+99 -239.61598061708415 19.06842754 6.42278391
1.3262310929423245e+99 -239.64295979754024 0.17710343 25.32115971
1.33088153992011e+99 -239.64306399925158 12.77226782 0.15641301
1.334659973103763e+99 -239.66837040859355 0.17031812 24.9394864
1.345586819279192e+99 -239.67940165264346 18.90016465 31.16394101
1.4094051033522201e+99 -239.77852129721168 12.76846755 25.28537133
1.5039638849228747e+99 -239.83094356018714 6.19198106 6.04924043
1.5889584908913503e+99 -239.90758970875137 12.45389914 12.78745528
1.6739836175364754e+99 -239.95598196735796 0.22777627 12.6594514
1.8137201038863737e+99 -240.08430932315076 12.46778754 24.91305343
1.9188999670795175e+99 -240.09272317861118 19.08677091 6.24432465
1.9447228422642186e+99 -240.13060373304802 0.15136685 25.31759288
1.963635887249637e+99 -240.13233846049505 25.09019692 24.89783616
1.9483323783540941e+99 -240.13485559671395 31.17883764 6.25627782
1.9325837116817344e+99 -240.1360083784772 0.20147919 12.69431703
1.9171436960250538e+99 -240.13871196669723 18.67963865 31.24844414
1.9034463993082141e+99 -240.141568262661 12.74914914 0.15315011
1.9044410578307942e+99 -240.15957841795782 2.53703071e+01 2.82736214e-04
1.9079752691438242e+99 -240.16525008019573 0.02986248 25.36819103
1.8986701361689695e+99 -240.1697043644309 19.08508104 18.87724515
1.8885008839834795e+99 -240.17440940467776 18.85190037 6.04625552
1.9129050675324067e+99 -240.21488057560867 19.02188506 19.00986423
1.962587203302975e+99 -240.24576218869194 19.0820666 6.30881994
1.983024572441433e+99 -240.25571415905895 18.75953731 6.49869539
1.977227164644563e+99 -240.2598277808422 6.05013615 6.29427671
1.9887994609801677e+99 -240.287104510887 6.4695347 6.14455261
2.0672912954144883e+99 -240.35613928177762 12.76640084 0.11198377
2.1253854583641588e+99 -240.36361039295866 24.94624405 0.13278313
2.15462576497524e+99 -240.40299390058237 12.6918515 24.94332989
2.184850713174615e+99 -240.4117405751424 6.46312976 18.98765682
2.244648897515811e+99 -240.4758883564807 25.23306109 24.932518
2.3907886418116413e+99 -240.5571670360301 12.40122157 12.42052184
2.5235761073892555e+99 -240.60497614370425 18.99423088 18.68627854
2.6009672866546204e+99 -240.6377828596671 1.69567837e-02 2.49168641e+01
2.618670716277048e+99 -240.63871248675403 6.18415404 18.65695796
2.6003800053821257e+99 -240.64365914296184 6.26873501 6.06739801
2.5857800422304994e+99 -240.64735510941819 18.68033695 31.2813657
2.5768441945425703e+99 -240.65661826873068 19.04056329 6.18288342
2.6146694770746715e+99 -240.69603331073262 12.76004485 0.09079464
2.669559033266682e+99 -240.718334178413 12.6226129 12.7716285
2.688050503217054e+99 -240.7298310739499 19.05818217 6.24401527
2.717205101701506e+99 -240.75962123932024 18.94887266 31.22985037
2.80006258616947e+99 -240.80940983535308 31.28318813 6.12229499
2.872631197651875e+99 -240.8311961728128 25.1435894 12.77353152
2.8814773739167404e+99 -240.83557383744395 12.4334851 12.40723424
2.8938194591259014e+99 -240.85950663826762 6.07809364 6.30337241
2.9263138613402394e+99 -240.87786606745004 0.20443196 12.54872193
2.9530904759024495e+99 -240.8976114529449 6.46463098 18.94342295
2.9685295110196114e+99 -240.90826477472982 31.21552268 18.81295157
2.995484666477122e+99 -240.93543459888502 18.85180667 31.21356367
3.089942656977883e+99 -240.98970668501525 6.08858527 6.23833164
3.1551098608880876e+99 -240.99779673979313 12.40577387 12.44825106
3.1683732337261656e+99 -241.01791247809973 24.9976544 12.42112408
3.1829681501681936e+99 -241.02696977460187 12.73697798 25.23299115
3.1921914803189023e+99 -241.04355195368794 24.93751161 25.10647534
3.21581334244771e+99 -241.06160300664754 12.61283372 12.75687147
3.2182335210967984e+99 -241.0650357359927 25.26977971 24.99264948
3.2469315868994403e+99 -241.0989742920328 6.46595005 6.3488194
3.2822175480391347e+99 -241.10682663033216 19.02609275 6.36314667
3.2976484708913264e+99 -241.1281573293994 25.32283049 0.03141441
3.3620959814311456e+99 -241.16520778237896 24.97347904 12.6714384
3.3951638043453277e+99 -241.16797409250086 12.61972683 12.74936334
3.510885077439372e+99 -241.25044287567027 19.01843132 6.20457257
3.6241375204568506e+99 -241.2530691635078 6.09738224 31.40546472
3.5938485857662315e+99 -241.25355984781353 18.97994204 18.71671532
3.602804180094214e+99 -241.27780063192662 12.38271283 12.5866401
3.6405679663420816e+99 -241.29439302974842 12.38699125 12.52590782
3.72590111558596e+99 -241.34350523539518 19.01244278 31.33646105
3.8934631479432574e+99 -241.40202131849603 6.17455862 6.1421567
3.989952284248721e+99 -241.41319109920576 12.48781393 0.15902523
3.9733763432778357e+99 -241.41362697467488 18.97839526 6.40508482
4.025366990746925e+99 -241.4585862899139 25.00207463 25.01659432
4.081692710099473e+99 -241.4618217073809 0.16666952 25.1847786
4.1872582813180275e+99 -241.5284487613664 18.86148837 19.01989092
4.2869497159833443e+99 -241.52989000867336 18.98067301 31.30659743
4.265317503729742e+99 -241.53821494440348 6.24607307 19.01565173
4.290018247898526e+99 -241.56122436963793 6.21329851 6.12946416
4.310467367078818e+99 -241.56774802122138 18.86086159 18.68148574
4.288672467669142e+99 -241.570994837143 12.64847624 24.98583518
4.267025460087918e+99 -241.57752014144936 6.11956658 31.37833663
4.2492892701348964e+99 -241.5825693051532 12.55026889 25.29954035
4.2550745788270713e+99 -241.60007169585077 6.39612361 18.9720049
4.2733330123829634e+99 -241.61107985159856 6.11977626 18.82103467
4.294220044256252e+99 -241.6296679838786 18.94318148 18.71393662
4.417756680615827e+99 -241.68697028789182 0.13023734 25.2279135
4.549398192321951e+99 -241.7089940227674 25.11577663 12.72537422
4.5637248695117e+99 -241.71327600181476 6.13258159 6.33617715
4.580820185823569e+99 -241.73624520421774 6.41105992 18.94276604
4.587946476745185e+99 -241.73641749188317 12.47235997 12.43909646
4.619128516836403e+99 -241.76942062658657 0.09254016 0.12576609
4.663020850408168e+99 -241.77549608456067 12.72208875 25.13360467
4.665640592556498e+99 -241.7903983064829 31.31900041 6.16248
4.708109715307794e+99 -241.81344221114887 6.25756571 6.13205465
4.735280790027143e+99 -241.82192280595598 25.00227184 12.48691024
4.743629124567789e+99 -241.83682822061942 6.13159509 6.29038993
4.747172723424524e+99 -241.84336182574245 31.26467306 18.84464125
4.809378962956583e+99 -241.88239613385878 0.11715625 25.04102925
4.869043749725997e+99 -241.88829388764918 6.14317036 6.23409592
4.84691541326375e+99 -241.89318938561885 6.18807608 18.73607987
4.817453685360981e+99 -241.89600456366912 6.20930953 18.97764511
4.846253062455864e+99 -241.9248053337057 12.62924604 25.26441482
4.899105537461343e+99 -241.93776421275993 31.34130587 6.15881744
4.884218407084569e+99 -241.93866103531346 6.21779761 6.41257253
4.848177395220559e+99 -241.94284782399635 0.10267711 12.46441906
4.880623930175415e+99 -241.97169845030444 24.99774155 25.08655078
4.959323251217639e+99 -241.9948154203536 12.66788275 25.2307219
4.986489661203811e+99 -242.00264318389924 12.6908415 12.63159262
4.966231317396677e+99 -242.00658567214188 25.00043245 25.08625724
4.959695736590438e+99 -242.01986987263493 12.70392768 25.15461714
4.950069475984536e+99 -242.02264296173155 25.08057686 25.00379396
4.926602802376307e+99 -242.03025407811145 18.96768099 18.77712409
4.899039273606877e+99 -242.03133672363782 6.34453742 6.40733474
4.907512358425824e+99 -242.0534884528917 12.70206143 12.54843941
4.913232736637706e+99 -242.0536899639001 31.34228537 6.16780752
4.89178126513756e+99 -242.06460808435764 25.23840674 12.65212711
4.945078435463717e+99 -242.09506123212694 6.38346998 18.93820283
4.980875927822019e+99 -242.0991622574024 25.01658934 12.63225696
4.949586175989365e+99 -242.1023599572821 12.57903327 25.0000616
4.929211499151132e+99 -242.1107978035035 25.24144767 0.07606123
4.908367259566837e+99 -242.11380079749358 25.11219071 12.69719663
4.907699471094562e+99 -242.1303600477012 18.92576919 18.95635455
4.901377653044574e+99 -242.13119189115227 18.86975646 18.97911249
4.857053147620358e+99 -242.13209185291532 12.69648511 25.14839752
4.824049372808287e+99 -242.13744915700798 18.79839295 6.4034095
4.806518151848913e+99 -242.1447050295722 25.06329915 12.67640326
4.79077004214353e+99 -242.1507901511024 0.12772905 12.58850321
4.780748366044e+99 -242.16040371799505 25.23665676 25.20903104
4.816459808364925e+99 -242.18544136587772 0.11626507 12.51535648
4.836922870914702e+99 -242.18893718030426 18.89466466 18.96794245
4.806422479784913e+99 -242.1926901458177 31.30072726 18.90157063
4.781821326733613e+99 -242.19856964994204 12.45519729 0.05916912
4.750085058724674e+99 -242.19928136373792 18.95187193 18.92289698
4.723231517093991e+99 -242.20711645874738 6.32971611 6.16688901
4.731241684493834e+99 -242.2225269460775 18.96429402 18.80244203
4.730148645131949e+99 -242.22661021719483 6.19919226 18.94039214
4.71481256374131e+99 -242.2359151986048 25.24852619 25.17412442
4.695232685960235e+99 -242.23820822938555 18.94418941 6.20495202
4.710812502887998e+99 -242.26229755889665 18.96563815 6.24971534
4.734448638876368e+99 -242.2682548433229 25.21909769 12.48256751
4.708026347445467e+99 -242.27101221129308 18.84137648 31.29611594
4.703619870479597e+99 -242.2862267593141 0.10747558 12.61708007
4.720973256495498e+99 -242.2982994642643 12.58758092 12.45047657
4.772259325406229e+99 -242.32755956586976 25.20518996 12.65612524
4.795681276250706e+99 -242.32820591809678 0.09611099 0.06367247
4.767693949548849e+99 -242.335740062168 18.8776768 18.73842905
4.760042299149956e+99 -242.34488748247068 25.15266938 25.24481823
4.734785471491946e+99 -242.3450213662661 12.59902671 12.67541168
4.693539112764175e+99 -242.34728783945184 18.85899906 6.16995391
4.654654665453845e+99 -242.3482846959729 31.30239759 18.85092073
4.616660172655665e+99 -242.3507948045607 25.24343395 25.15700416
4.582464195104521e+99 -242.3533160436471 12.65984995 25.06905763
4.543048789149652e+99 -242.353419930387 12.66679226 25.18476759
4.503267137867533e+99 -242.35562516798146 0.00909119 0.11252882
4.469145298007912e+99 -242.3581083020983 18.79545297 6.38203556
4.430795415114285e+99 -242.35829123889096 31.30547377 18.87176367
4.39683876052104e+99 -242.3626176912345 31.34564355 18.93713599
4.421285691351209e+99 -242.38911054741646 18.95913995 6.27460864
4.45111592163787e+99 -242.39613009609604 18.95112918 18.80921472
4.439765816593675e+99 -242.40390202173327 6.311585 6.17838341
4.419085237411292e+99 -242.40670606034607 31.33309671 6.21335892
4.383956024413945e+99 -242.40784193426305 0.09306697 0.05524462
4.3489090684908765e+99 -242.4105522204469 0.04732671 12.46931651
4.3334316538261217e+99 -242.4205887158481 18.9076337 6.37311902
4.3484754952572713e+99 -242.4373390521042 25.19300703 25.21932922
4.352290672696258e+99 -242.44230729953134 6.23327719 6.37559616
4.3248690145774576e+99 -242.44460367904335 18.94868459 6.31721182
4.301779663093853e+99 -242.45149133552064 31.34834699 6.20392382
4.2765875113188517e+99 -242.45276893045352 0.07651777 0.07049219
4.242014564761277e+99 -242.45515679675128 0.05983422 25.04790944
4.2081186419541986e+99 -242.45662523818876 31.31556084 18.87549119
4.174556657959757e+99 -242.4590415249982 12.6240398 25.04687028
4.144107783280878e+99 -242.46188404181814 6.2227762 6.19955454
4.11357956335853e+99 -242.46415506799363 2.22893089e-02 2.50322431e+01
4.0869837740834945e+99 -242.46880787076674 12.51293017 25.04527633
4.0832634029065706e+99 -242.48219491475982 12.60512788 12.65984858
4.078291996886394e+99 -242.48631259694264 6.21071252 6.21313179
4.0768916396107787e+99 -242.50135638189545 6.36128777 18.91088934
4.0680655444033305e+99 -242.50193524366773 12.62674438 12.48759685
4.042385605780283e+99 -242.5085809339502 0.05895642 25.05372971
4.0181894145379383e+99 -242.50983933596066 6.31317324 18.94332877
4.001745768015475e+99 -242.5202534803348 25.09857859 12.47515896
4.001629334760866e+99 -242.52968667287058 12.54763947 25.03814447
3.9828654774894e+99 -242.5307759267985 0.08788728 25.17216725
3.946130566291497e+99 -242.53105554336148 12.5649822 12.6626521
3.9238985147322753e+99 -242.53935973488706 18.8901786 6.36954806
3.905876937584031e+99 -242.54176529284663 6.31982899 18.76170264
3.882320187902918e+99 -242.54715584979724 25.07715795 25.20932729
3.854420205961164e+99 -242.54724848430442 25.04607219 0.03795999
3.829289733984759e+99 -242.55396272894788 25.03892601 12.56219607
3.805356815934796e+99 -242.55462115689636 18.77810855 6.22233691
3.78373231256008e+99 -242.5624504631762 31.32314572 18.84303709
3.7632014256593673e+99 -242.56365504304145 12.59729968 25.04515749
3.7282714897720105e+99 -242.56370084822527 12.58116304 0.09169154
3.704433629892639e+99 -242.5707147305724 12.50743624 25.06192174
3.6942024796591234e+99 -242.57806891308542 18.79440197 18.77674746
3.672653979852099e+99 -242.57892845373698 25.13958283 12.47538764
3.6446828080360536e+99 -242.58267581795243 6.32025865 18.76662895
3.61600352127995e+99 -242.58303274582778 12.62761934 0.0670333
3.583853998240841e+99 -242.584714486146 18.81901571 31.33061505
3.5564568049040787e+99 -242.58758408102995 6.36426627 18.80980479
3.541331437778949e+99 -242.596075180013 6.19765877 6.30908938
3.521895167175035e+99 -242.5964956745495 31.32918344 18.82827213
3.4895536213512386e+99 -242.59752478386085 6.23834568 6.3603029
3.4602834612674034e+99 -242.59954894689992 12.47745827 25.13609857
3.4315697539841e+99 -242.6007607023345 18.81959305 31.33228777
3.4028659380046327e+99 -242.60264946143297 12.53785663 12.65029173
3.383083208786091e+99 -242.60899117387035 25.14449005 0.08713153
3.370263595102689e+99 -242.6149582236192 6.36608809 6.31037627
3.3482310497213125e+99 -242.6157829710843 25.20911221 0.04199773
3.323184441366903e+99 -242.6198376069488 25.1127055 0.08434494
3.302407102901894e+99 -242.62314128500876 12.56746345 12.48006472
3.2763611764918524e+99 -242.6239044145448 31.32971795 18.84785757
3.245938141812473e+99 -242.62438404083582 12.52887673 0.07759013
3.216455374966137e+99 -242.62555584211876 6.32395726 18.77378933
3.21347976471065e+99 -242.6423633254995 18.79682663 18.78405594
3.2311646863472097e+99 -242.65645402413472 12.54778765 12.64665607
3.2327085232584047e+99 -242.6632574156114 25.11164824 25.21155515
3.2164419221752644e+99 -242.66627481627566 18.91958824 6.32432895
3.190467382930021e+99 -242.66694357288776 18.83118102 6.20415402
3.1605163659111264e+99 -242.66731155612538 12.60241513 12.63901696
3.134858355552109e+99 -242.67053880514175 12.49704484 25.09142643
3.1198920986567136e+99 -242.6776310985593 6.20884945 18.82045991
3.1188799601188505e+99 -242.6897662920125 12.49274966 12.59305891
3.1068438920913984e+99 -242.68983544454252 12.60865612 12.6322736
3.0789937694141724e+99 -242.69165704566285 31.40008829 6.20674013
3.05150802560089e+99 -242.69180304584577 12.50216751 25.08835268
3.0242946250372926e+99 -242.6936408272098 25.09999401 0.07059336
2.9993557567798184e+99 -242.69514325834854 18.82161147 6.35560831
2.9798112061490274e+99 -242.70045984074252 0.07527334 12.58232485
2.961922329535786e+99 -242.70300646189676 12.50037038 0.03891845
2.941426228797227e+99 -242.7064712872357 6.35363401 6.3121496
2.9186940622754112e+99 -242.70739331579026 12.62081261 12.61947555
2.896883189809445e+99 -242.71136645421052 25.15526206 25.06064529
2.8783167471284923e+99 -242.71443609546486 18.91626764 18.88411131
2.855245852196243e+99 -242.7151739190414 31.34449509 6.26022303
2.8378581817028687e+99 -242.72210818034495 0.04599764 0.05811347
2.82880494641364e+99 -242.7286852587925 12.49343986 25.12615171
2.835077470952465e+99 -242.7463713012577 31.39562233 18.91738264
2.832046042099858e+99 -242.74652445280427 25.17349269 12.50849731
2.806547894928351e+99 -242.7481828561851 25.20313465 25.13738016
2.7824727307419037e+99 -242.7491951116764 18.91903824 6.29454259
2.7585965514500963e+99 -242.75084719311891 25.13614717 12.49628163
2.736039523342454e+99 -242.75267440259702 31.38900218 18.91407927
2.7123604382281583e+99 -242.75336421229215 1.24968589e+01 6.51425350e-03
2.6866893773996215e+99 -242.75355608354437 12.62439556 0.03878178
2.665004596810234e+99 -242.75705394755474 18.88893791 6.34020122
2.6480636888387107e+99 -242.76070229034005 6.21748325 6.3034975
2.628976090212035e+99 -242.76248866230432 6.33265237 18.89696208
2.6060544507300934e+99 -242.76308950313677 31.35454641 18.87980097
2.587472458703433e+99 -242.7680714926155 12.52747077 12.62178434
2.5723858355167217e+99 -242.77129835548743 0.05870502 25.1655089
2.5515833574010482e+99 -242.7717352737855 12.63065152 12.58584234
2.5321992773019984e+99 -242.77594286646894 6.25815119 6.22153019
2.5135293791916124e+99 -242.7768395363231 6.2740867 6.21740249
2.4900085824868873e+99 -242.77704024833204 6.3245279 18.79762001
2.467404317614868e+99 -242.77850078933645 18.78576562 6.30074067
2.445593286104542e+99 -242.7791833904013 2.50681887e+01 1.40297402e-02
2.42356059561753e+99 -242.78030132117718 6.32930729 18.89661807
2.4055372032288387e+99 -242.78415159559935 18.79492555 6.24738854
2.390319463488528e+99 -242.78751042021412 25.10708844 25.07323249
2.372057512880782e+99 -242.78871612165347 18.80661516 18.80126748
2.3578400519913135e+99 -242.79537683475746 25.16851157 12.51379287
2.3445372531021364e+99 -242.7973111017546 6.24356591 18.89891202
2.3256468285016384e+99 -242.79909794792795 18.8742991 6.34113376
2.3064439666866863e+99 -242.8006294231357 12.60242335 25.18412495
2.285567983656778e+99 -242.80081445526764 6.34583483 6.28652948
2.2637599548660775e+99 -242.80135514777675 25.07625769 25.15985688
2.2458953328667424e+99 -242.8048663597906 18.78952154 6.29905948
2.2289522906786674e+99 -242.80611329613095 6.29322175 18.78847654
2.210009833434566e+99 -242.80769741240476 12.60947311 12.61044497
2.1898818835579553e+99 -242.80771587088378 0.06100159 12.5752328
2.1708582072590391e+99 -242.8101465344824 31.36815675 6.24484493
2.1560982541774862e+99 -242.81396965129352 0.03530365 12.6156655
2.139139068757687e+99 -242.81425726820498 18.87400872 6.22775419
2.1222810472587369e+99 -242.8180428154249 31.36348847 18.87864209
2.10687984995615e+99 -242.81959417688952 25.07439497 12.55369566
2.0885706785530377e+99 -242.8204875536614 6.25252224 18.79849502
2.0690021515253163e+99 -242.82066801496302 18.80868134 6.23990486
2.0487456196978247e+99 -242.82071077182775 12.62576816 12.57021228
2.0299147484973193e+99 -242.822100361028 12.55461917 0.05811451
2.0115882147437688e+99 -242.82247342206557 6.25521175 18.79734829
1.992208525437616e+99 -242.82263958758065 12.51684921 12.53392773
1.9737451028624464e+99 -242.8237517221093 6.33980044 6.26652662
1.9564782304169031e+99 -242.82496665019727 6.23652064 6.31898107
1.9390131658083077e+99 -242.82571887222787 25.08269593 25.16339232
1.9226530846989086e+99 -242.82792000396364 6.24928364 6.3306322
1.9101153553099978e+99 -242.83253060781837 6.24413477 6.24094243
1.898297510010532e+99 -242.8354115080545 18.89930675 6.31106446
1.882477963061669e+99 -242.83569639872053 6.31872464 18.89409541
1.8647681228113927e+99 -242.83640754365848 12.56526946 0.05684481
1.8472721258097678e+99 -242.83674377836107 18.88409727 6.23809656
1.8330042592456737e+99 -242.84079666353253 12.61953299 12.54849255
1.8188238092041473e+99 -242.84111600302424 18.82649081 6.23212072
1.8020377703865749e+99 -242.84215325322307 6.25727128 18.80008296
1.7896228424225126e+99 -242.84718415794686 12.55834881 0.05436176
1.7774505944533264e+99 -242.84841025110026 12.51268027 25.14335601
1.7609429272531117e+99 -242.84842386015325 12.59714548 12.61162655
1.7508001784390597e+99 -242.8567406377992 18.80751903 6.25057081
1.7416515192373648e+99 -242.85786326653988 25.07974797 25.13315982
1.725899894586997e+99 -242.85847108306262 6.33288871 18.83149807
1.7096058856992051e+99 -242.85879254531883 6.27763586 18.79702684
1.6956998524287432e+99 -242.86203450333696 18.82690478 6.23614236
1.6817729546819596e+99 -242.8622018660132 18.8672488 6.23409625
1.6676456179784378e+99 -242.86506163748288 6.30416502 18.89673772
1.6536567957501375e+99 -242.86525706955493 25.16038626 0.04356834
1.6388408091123289e+99 -242.86696176760375 6.2328449 18.83983486
1.6240814528571652e+99 -242.8670649110514 18.89873252 6.29761796
1.6082842720430595e+99 -242.86731350661265 18.86004951 6.33330109
1.5936587530021865e+99 -242.8686941797211 6.32495306 6.25403099
1.5791845586076688e+99 -242.8689668990854 6.27092287 18.89893881
1.5644440720709349e+99 -242.86983851750284 18.84608866 6.23259123
1.550330579761328e+99 -242.8707428464394 25.08220636 12.56673734
1.535696148064406e+99 -242.87077060232866 12.57645127 25.18225647
1.521268245957418e+99 -242.87176439026996 18.88421159 6.24667728
1.5083513795957046e+99 -242.87361644037946 12.53379495 12.6042661
1.4963174982501592e+99 -242.8756445525889 12.52604151 12.5375486
1.4839241401302207e+99 -242.87688361945962 12.52321013 25.15661183
1.4702876551754588e+99 -242.87708166933484 6.25368084 18.8100815
1.4562693525631438e+99 -242.87762394169192 6.23426048 6.27825782
1.4422506439120802e+99 -242.8776362306403 6.32980286 18.83391881
1.430482666197178e+99 -242.88113569290385 12.53555219 25.17014239
1.422593576113978e+99 -242.88647233713098 6.28564023 6.23588816
1.4122843777717197e+99 -242.8864971779287 31.39571006 6.3260095
1.3990670315667026e+99 -242.88756689085895 0.04377945 12.58382981
1.387902876315546e+99 -242.89037271224876 12.53034965 0.02947117
1.3762436787059583e+99 -242.89059736833502 6.26966102 18.89403794
1.363159128249015e+99 -242.8911674623543 12.59000559 12.60626701
1.350141801578013e+99 -242.8913075678026 18.80321825 6.28262724
1.3369514231889319e+99 -242.8914328042994 12.60870015 12.54757489
1.3244137406944278e+99 -242.89236389050822 6.32732253 6.269823
1.3121395047630174e+99 -242.8927118785591 18.88820642 6.30820443
1.2997611288586274e+99 -242.8933074654735 6.32515278 18.83093466
1.2884775882739576e+99 -242.8951734719528 25.08851243 12.57709097
1.2784279775031704e+99 -242.89754723552264 6.24126071 6.29951174
1.2689691963081264e+99 -242.90022122255212 25.11980171 25.09026844
1.2582836515908313e+99 -242.90053705309327 2.15706362e-02 2.50940131e+01
1.2477563443374623e+99 -242.90331678327726 31.37594497 18.8672106
1.2373006702783185e+99 -242.90360985302607 6.31830271 6.25727744
1.2255991054447066e+99 -242.90421269989594 6.28665328 6.32654938
1.216299175364988e+99 -242.90827247623193 6.24098535 6.27758066
1.2068726187357833e+99 -242.9085566927716 25.10073327 12.53840305
1.1959598219722365e+99 -242.91000595340296 31.40141083 6.32277459
1.1851777867304864e+99 -242.91034531684372 18.81655347 6.25706666
1.1745399091248156e+99 -242.91187347984436 18.82940718 6.24664547
1.1640900313317487e+99 -242.91237287724414 18.87774917 6.25258431
1.153470811677927e+99 -242.9134455189628 12.5343996 0.02622853
1.1428666078532333e+99 -242.91380215536782 12.53414501 12.59214935
1.1321824416816485e+99 -242.91456098830244 18.88659646 6.30096213
1.1214872266934193e+99 -242.91472005684696 25.10533527 12.53581232
1.1110456671774053e+99 -242.91575324737147 25.10583981 12.53569827
1.100960543374497e+99 -242.91638369732752 1.10856251e-02 1.26054742e+01
1.0908932039013323e+99 -242.91728139452982 31.38633835 6.310732
1.0806601617738235e+99 -242.9174351575898 12.55117059 12.52895172
1.0701299775507735e+99 -242.91759805581083 2.50941555e+01 1.17951777e-02
1.059641540742074e+99 -242.91763695830724 0.02031403 12.60122147
1.0497117485054366e+99 -242.91866829083762 6.11147719e-03 1.26059872e+01
1.0401952800720826e+99 -242.91932350575732 12.52721971 12.57418657
1.0305031718465423e+99 -242.9198464604707 25.09616638 12.55069105
1.0216038029740971e+99 -242.92187630373584 25.15088009 25.16759015
1.0126437808827403e+99 -242.92212967105579 0.01047521 0.03779827
1.0028919123074624e+99 -242.9224234060142 6.32213297 18.85351864
9.931372925187439e+98 -242.9224821476168 25.09443521 12.55836324
9.838305195151991e+98 -242.92349327523564 31.40024341 18.88513045
9.748403589837865e+98 -242.92402314925323 18.88772986 6.28980104
9.656353453524044e+98 -242.92441906883744 12.52785754 12.56321897
9.565933363510096e+98 -242.92510791469545 18.88073134 6.30571778
9.477550205107525e+98 -242.92575511730723 0.03771283 25.1260676
9.387350587499155e+98 -242.92588314734755 12.56387069 25.17092514
9.30149835882668e+98 -242.92728009561034 25.14578389 12.53078179
9.217823470302122e+98 -242.92771113554838 18.8212134 6.30818298
9.12953172962079e+98 -242.92793171264321 6.25831831 6.31156586
9.041948735144889e+98 -242.9283323995333 6.30775946 6.25468939
8.955708929235973e+98 -242.92866534458082 12.58426502 0.0330016
8.869594630249892e+98 -242.92890886601134 6.3203663 6.27848942
8.787747073999192e+98 -242.93002426849296 12.59989042 12.58246045
8.707929045936321e+98 -242.93056101056843 0.03363867 25.14824262
8.634288883988157e+98 -242.93293830986164 25.11533675 12.53440238
8.560824481442329e+98 -242.9333733338214 18.82392845 6.30886665
8.485753549101188e+98 -242.93522256568528 6.31657627 6.29602212
8.411863520627669e+98 -242.93578342988238 25.10009816 25.14699225
8.334100877619367e+98 -242.93654836761291 18.84216464 6.3178105
8.259949243603898e+98 -242.9378094510861 12.58135532 25.16442861
8.186523409757889e+98 -242.93859102014514 25.09793921 12.56778121
8.109530612643313e+98 -242.93881159974143 0.02657483 0.02241919
8.032471785951683e+98 -242.93939622989788 6.31442889 18.86442594
7.956607375139412e+98 -242.93973311919197 6.26049722 18.87555369
7.884459435461027e+98 -242.94107839184662 0.02142009 12.53981442
7.81304425142176e+98 -242.94143623095343 12.58670958 12.59363427
7.739361787530636e+98 -242.9420280999729 25.13439102 25.09893976
7.665164945589373e+98 -242.9420705869895 6.31289196 6.29937033
7.59509426441162e+98 -242.94356123849153 31.38260878 18.84734306
7.526551456020844e+98 -242.94384061588042 6.28616025 18.81638063
7.455095696984508e+98 -242.94438348965338 12.59894176 25.13889326
7.386077134006291e+98 -242.9451391582975 6.31018104 18.86839856
7.316928001643004e+98 -242.94547188310577 6.25159077 6.27429649
7.253386128145571e+98 -242.94759440942116 12.58000153 0.0291461
7.191793901818154e+98 -242.9483179965586 25.16357571 25.14112144
7.124163477351014e+98 -242.94859852715547 25.12353312 25.16324799
7.055078344221419e+98 -242.94872942855244 18.82686924 31.39360626
6.986179383390832e+98 -242.9488714552744 2.51079430e+01 1.98777055e-02
6.919155112016834e+98 -242.9493497279706 18.82111015 31.40208983
6.853369154750319e+98 -242.94966556968654 18.87945499 18.85957673
6.788647386706037e+98 -242.95027299495456 12.57471796 0.03021075
6.72545769630159e+98 -242.95086277076732 25.11690804 25.10590776
6.660882748927883e+98 -242.95087782066608 12.58117156 12.5389597
6.597091344898296e+98 -242.95151698224188 25.1610627 25.12026367
6.537953345786828e+98 -242.95276884441017 18.87834451 18.85976749
6.478091648586747e+98 -242.95302161155203 6.28483694 18.87997516
6.416294282485234e+98 -242.95349900144842 18.8327521 18.82433148
6.357406796929464e+98 -242.95448173157376 25.13168994 0.02996841
6.30013590895253e+98 -242.95530103306322 18.82052563 6.28953106
6.244787357846408e+98 -242.95673382187067 6.30080801 18.8728834
6.189846016753836e+98 -242.95752828468486 12.56633294 0.02896583
6.13197762196565e+98 -242.95784881840464 18.83330857 6.30703324
6.07695434358336e+98 -242.95940102678273 25.14976586 25.15537299
6.021638409040459e+98 -242.95946156777822 2.27883833e-02 2.51495200e+01
5.962526635532301e+98 -242.95957156661615 18.82678507 31.39918876
5.905388740995969e+98 -242.96010407485204 12.560866 0.02752878
5.848955799733636e+98 -242.96026803157903 25.11737324 12.54294565
5.795071062238015e+98 -242.9614935475232 31.39180942 18.83617478
5.741873559953334e+98 -242.9617246990969 25.14616116 12.54237001
5.686206828428541e+98 -242.9619098667203 12.59272505 25.12513178
5.632180886811615e+98 -242.9625319694781 1.25401630e+01 7.30283538e-03
5.578231043086435e+98 -242.96256057045085 6.30627297 6.29755787
5.524723055448375e+98 -242.96315536628785 25.10605304 12.56242193
5.472247065534929e+98 -242.9633737281412 2.44355352e-02 2.51439861e+01
5.418932187200955e+98 -242.96347494224165 25.15902387 25.13828752
5.3678446100975914e+98 -242.96432954820438 25.12653139 0.02580878
5.317947596766716e+98 -242.96469772671472 12.55952439 12.59187574
5.266893629853461e+98 -242.96493684125815 25.10884514 25.12171226
5.215657280927512e+98 -242.96504714449281 6.27166093 6.30680037
5.1669506479693495e+98 -242.96607240471204 31.39078456 18.84338304
5.119641570316502e+98 -242.96655147747825 18.82505865 31.40813914
5.0716740811182423e+98 -242.96714608703059 31.40732838 6.25920437
5.0241211610082096e+98 -242.96761135086143 0.01792885 12.58421392
4.975565340483673e+98 -242.9676237130458 12.57079364 0.02490004
4.927330577948924e+98 -242.96802872371336 25.15653706 25.12465825
4.8799629344771526e+98 -242.9682049039042 12.55316228 0.0212988
4.832558794002096e+98 -242.96840633095255 1.60197352e-02 2.51519112e+01
4.786268924482671e+98 -242.96885568393057 25.15168129 12.55035445
4.740374556461796e+98 -242.9690369853352 31.39381379 18.83847957
4.694826887508358e+98 -242.9694464866808 6.2686834 18.82972499
4.649589780192526e+98 -242.9695731971186 1.25441267e+01 1.03089614e-02
4.604780054469307e+98 -242.9699789309302 6.26762055 6.30191472
4.5614973259734035e+98 -242.9705858565909 2.33153493e-02 2.51266215e+01
4.517948838186663e+98 -242.97069400860028 31.39456903 6.29426594
4.473749169284368e+98 -242.97082392385315 6.27911489 6.30684508
4.4302911560580306e+98 -242.97107167558298 6.26638024 6.3001869
4.3870093575032153e+98 -242.9710894999786 6.30682438 18.84604875
4.3442063690510475e+98 -242.9713629846737 6.2594049 18.84911458
4.3026654158979714e+98 -242.97177335155223 6.28430997 6.25959864
4.2611463302030246e+98 -242.97187072781813 25.13473908 25.15622912
4.2193439032086684e+98 -242.97195686798972 0.01541259 12.54858217
4.177983952349427e+98 -242.972069746896 18.86580984 18.86651343
4.1375076171380654e+98 -242.97238702684137 6.30416514 18.85981862
4.0978699910216306e+98 -242.97271789165976 18.83347345 6.29992736
4.058787375110717e+98 -242.97312153236211 12.5533627 25.15176126
4.020124592819803e+98 -242.97347584765163 25.11363216 25.12013922
3.981218334510623e+98 -242.97357220565644 12.55785393 12.54516855
3.9434858612410423e+98 -242.97433073156944 12.56260205 12.58857135
3.9061513455052896e+98 -242.97444802799575 12.55369672 25.11419038
3.868902826796734e+98 -242.9750680624552 12.58414795 25.14602577
3.8318618300923945e+98 -242.9751084714747 12.5664811 25.11056698
3.79466024516495e+98 -242.97545684878952 6.26808973 6.26715546
3.758228295246133e+98 -242.97571468371544 25.11330016 12.55628192
3.7224355386053734e+98 -242.97621850455968 12.58150509 25.14825681
3.688590351523129e+98 -242.97734748578216 1.27974449e-02 2.51158976e+01
3.654376638015651e+98 -242.97748180375433 6.29909288 18.86340431
3.618555626752501e+98 -242.97754699073698 31.39820654 18.83817427
3.583049536313418e+98 -242.97766109430552 6.28465988 18.87051083
3.5478601841582534e+98 -242.97770844138742 18.83211916 6.2948605
3.5128514503608644e+98 -242.9777286164128 25.11701289 25.14661826
3.4782656519072243e+98 -242.97782051502494 6.29482381 18.83215817
3.444214986918478e+98 -242.97795370491903 25.1193675 25.11672095
3.410825500755755e+98 -242.97823783318884 18.86993465 18.85337653
3.3780044180864365e+98 -242.97851593137997 25.11741811 25.11897165
3.3459507916395767e+98 -242.97906997658572 6.2637512 6.27720476
3.313745933579825e+98 -242.97907338112768 1.30807357e-02 2.51483066e+01
3.281265838763238e+98 -242.97927067438965 1.98331937e-02 2.51287249e+01
3.2498485180248064e+98 -242.9797322213469 3.06655671e-03 2.51525140e+01
3.219106275702657e+98 -242.98016210612127 31.39713294 6.28940444
3.188014586028468e+98 -242.98022206696925 6.28796055 6.26400488
3.156700683499897e+98 -242.9803208831873 6.26542589 18.85812003
3.1256339764186373e+98 -242.9803422118165 6.28536169 18.82997069
3.094787941303434e+98 -242.98038604888896 25.11405341 25.13892331
3.0645083590775484e+98 -242.9805783935657 1.15922621e-02 2.51485297e+01
3.034490029148409e+98 -242.98059917734633 12.54833559 25.12512672
3.0045721067927865e+98 -242.98066262166142 12.58308603 25.14286967
2.9749846283232184e+98 -242.9807072554249 31.39924017 6.27305249
2.9456249663683704e+98 -242.9807275542514 6.28586236 6.26385815
2.916581353514458e+98 -242.98079022379565 1.88046641e-02 2.51378258e+01
2.887874230921439e+98 -242.98084523654776 6.26467728 6.2891715
2.8596273872035783e+98 -242.981032199354 12.55073115 25.12133522
2.8316019640248295e+98 -242.98104847568212 25.15156494 12.56189468
2.8040943239793664e+98 -242.98140881098422 4.54682806e-03 2.51513577e+01
2.7768555720838686e+98 -242.98142635111938 12.54736408 25.13511875
2.749395051945075e+98 -242.98143288877327 0.01386783 12.57957887
2.7224387100851113e+98 -242.98162131763593 6.29581696 6.29745042
2.6959801892167843e+98 -242.98180111448136 25.12917986 25.15136419
2.6695699954691178e+98 -242.98183311566066 12.58179103 25.12173765
2.6432799985173357e+98 -242.9819080962649 6.26615863 6.2749708
2.6176013441282292e+98 -242.98220937858613 12.55256984 25.14542878
2.592637988229515e+98 -242.98264374292557 18.86784274 18.84665
2.5677534961176687e+98 -242.98282108954663 0.01656571 12.55831287
2.5425724405058966e+98 -242.98283431197876 25.13074961 25.15104754
2.517645754532661e+98 -242.98301754309566 6.30132139 18.84699657
2.493387732732444e+98 -242.9833711119241 25.1147797 12.56879277
2.4695199281243045e+98 -242.9836811113197 1.30486091e-02 2.51204085e+01
2.4458723308410928e+98 -242.9840279079074 12.57896535 25.12021593
2.422099099784203e+98 -242.98404724295366 12.57090602 25.14990389
2.3982391991693816e+98 -242.98412904858057 6.28112317 6.30077105
2.3746730475774415e+98 -242.98419783066294 6.27329396 6.26854581
2.351821721458639e+98 -242.9846905800328 18.84344467 18.83327491
2.329135527679997e+98 -242.98471245716271 12.58281085 25.13837194
2.30673576542992e+98 -242.98526367800523 6.26780748 6.27579476
2.284866817386414e+98 -242.98556177344648 12.58090895 25.12414785
2.2626393247869234e+98 -242.98561283661994 6.27111928 18.83778256
2.2404134867034413e+98 -242.98571936576343 25.13762068 25.11666994
2.2184841662121597e+98 -242.985840924553 25.13043679 25.11617671
2.1967254242360093e+98 -242.98590733676247 2.51473528e+01 8.05510902e-03
2.1756007512590765e+98 -242.98641557453578 6.2967814 18.85869318
2.1546515535444755e+98 -242.98645643165506 12.58268727 25.1338821
2.1334296474136532e+98 -242.98651989467686 12.55500182 25.12103511
2.112492311976289e+98 -242.98663227728653 0.0130806 12.55672903
2.0918430432732592e+98 -242.9867747051304 12.55978464 25.1179807
2.0713890704473656e+98 -242.98688077020827 12.56996985 25.11705053
2.0510326636813225e+98 -242.98692331709196 4.54877844e-03 2.51481562e+01
2.0310076888629082e+98 -242.9871587458015 31.40031946 6.28001035
2.011164014873535e+98 -242.98718718842161 12.56061425 12.5812018
1.9916177753644812e+98 -242.9875265680878 4.45172791e-03 2.51176887e+01
1.9723287952650503e+98 -242.9876233030773 12.55085873 25.1307751
1.9529457041759997e+98 -242.98767498367755 31.40036168 6.28428005
1.9336867080845875e+98 -242.98770304917218 25.11982318 25.12402148
1.9145792278895173e+98 -242.98771460939582 12.55231805 12.55964702
1.895654544162156e+98 -242.98773633206562 12.56486872 12.55087882
1.8769227363273936e+98 -242.98775408831506 6.27427007 6.29592973
1.8583835196010767e+98 -242.9877838756371 12.55549258 12.57746034
1.8400492357316106e+98 -242.9878253406852 2.51172726e+01 1.10216158e-03
1.821887272795817e+98 -242.98784573182095 6.29762398 6.28880809
1.8039080400911067e+98 -242.9878910377691 25.13617711 25.11766176
1.7861772842092035e+98 -242.98799098358555 2.51427520e+01 1.17049512e-02
1.768624726570509e+98 -242.9880407276158 6.29541079 18.85887134
1.751321541975423e+98 -242.988228468798 6.29616246 6.29119307
1.7342107550145198e+98 -242.98830488442076 25.14794056 12.56634507
1.717161052122033e+98 -242.98836905576755 12.57644229 12.57769823
1.7002358000010298e+98 -242.98839468949834 25.14437247 25.12304786
1.683569682576894e+98 -242.98856851594044 0.01501768 12.56690125
1.667295861819411e+98 -242.9888687749428 6.29797975 6.28418809
1.6510396813210063e+98 -242.98887345968447 12.55177126 25.13016293
1.6348165804179006e+98 -242.98902026218175 31.40296724 6.27618916
1.6190451728199174e+98 -242.98938601565604 12.56732893 12.58081863
1.6033089999768763e+98 -242.9893870425688 0.01445354 12.56551132
1.5874560825616176e+98 -242.98941301373222 25.14206555 12.55531674
1.571939267466367e+98 -242.98964223622713 12.57869317 25.1254778
1.5566222143576818e+98 -242.98973002101647 25.14635459 12.57055925
1.5412794517378393e+98 -242.98973221543994 2.51404450e+01 1.19781711e-02
1.5261390393567003e+98 -242.98988699274562 12.56100217 12.55329592
1.5112037397515133e+98 -242.98996382081646 6.29324094 6.27332961
1.496369109458551e+98 -242.9900577900173 6.28047427 6.29693463
1.4817517308608102e+98 -242.9902312967317 18.85334223 18.83619067
1.4672209899250088e+98 -242.99024873662077 6.27289737 6.2738697
1.4527240915060146e+98 -242.99027265673598 2.51437226e+01 8.45928254e-03
1.438409945994026e+98 -242.99034504040839 12.57168342 12.55362332
1.4242257121800694e+98 -242.990353333413 12.5533458 25.13731394
1.4102396510449623e+98 -242.9905083942294 18.83847428 6.27514229
1.3964402395293855e+98 -242.99058731402658 9.78326230e-03 2.51232427e+01
1.3827205106594808e+98 -242.9906623173307 2.51194721e+01 2.89536697e-03
1.369188191370073e+98 -242.99081809124505 31.41148725 6.27047045
1.3557578560558677e+98 -242.990848181236 12.5752021 25.14287955
1.3425329169879094e+98 -242.99111366541692 6.27257841 6.27524617
1.3294921467700407e+98 -242.9912267743779 6.28985198 18.86090746
1.3164357001399269e+98 -242.99127599464308 25.13881511 25.12110347
1.3036151469492337e+98 -242.9915542773184 3.36507486e-03 2.51202709e+01
1.2909085998311679e+98 -242.99158672376595 2.51446001e+01 5.05565269e-03
1.2781880269061517e+98 -242.99164925759382 1.13307272e-02 2.51266939e+01
1.2656495554692083e+98 -242.9917713865985 6.27087437 6.28649957
1.2532170293472547e+98 -242.99180671415215 9.22421778e-03 2.51239800e+01
1.2408516460530743e+98 -242.99184022135364 6.29477519 6.27800279
1.2285908334046887e+98 -242.99184716314318 6.27896029 6.29515175
1.2164605997460968e+98 -242.99189617406896 12.57015603 25.12066857
1.2044744583906948e+98 -242.99194351125584 12.55573522 25.13952592
1.192596581449131e+98 -242.99197602315314 6.28710653 6.27122182
1.1926498259352846e+98 -242.99203280041795 18.83711852 6.28154506
1.1927744777811718e+98 -242.99218504067827 2.51410759e+01 9.21445610e-03
1.1928774110992461e+98 -242.9922053934318 6.27305915 18.84238435
1.192966688662595e+98 -242.9923347153886 18.86006551 18.85595626
1.1930689108034046e+98 -242.9923767645063 12.57363039 25.12284776
1.193146410567307e+98 -242.9924646263413 1.19774476e-02 1.25640490e+01
1.1933121053141305e+98 -242.99265448233976 2.51440880e+01 4.04361766e-03
1.1934379993922865e+98 -242.99267562352702 6.27757947 6.27254312
1.1934522398382355e+98 -242.99267834688297 31.40526026 18.84400091
1.1934762843173951e+98 -242.99271591676498 6.28864192 6.27250304
1.1935144784256987e+98 -242.99274235084178 1.05180758e-02 2.51384625e+01
1.1935918396007904e+98 -242.9928455459983 18.85916823 18.85655081
1.1938446717010352e+98 -242.9931659321563 31.40878289 18.84039271
1.194123993851422e+98 -242.9933134486599 12.55514812 12.56389319
1.1942412514270276e+98 -242.9933623183124 25.14406275 25.13102667
1.1943152486012178e+98 -242.99343736733658 25.13633559 12.55556716
1.1943961864514167e+98 -242.99349785271556 12.5602094 12.55685857
1.1944415621925636e+98 -242.99351334780317 25.14144588 25.12550503
1.1944951126838154e+98 -242.9935875155456 18.83922444 6.28764947
1.1945730951228747e+98 -242.99364391382926 9.10306712e-03 1.25729043e+01
1.1946563809012826e+98 -242.9937269499944 31.40714599 18.8427137
1.1948159427349125e+98 -242.99391101515087 31.40996332 6.27398107
1.1949635987289865e+98 -242.99397410326952 25.13639809 12.55609156
1.1950751591375917e+98 -242.9940977212791 18.85762952 18.85672578
1.1951505155902382e+98 -242.99410021476646 6.28485454 6.27251975
1.1951617986677301e+98 -242.99411660255788 2.59304543e-03 2.51432051e+01
1.1952881224639437e+98 -242.99431158611594 6.28661589 6.27315554
1.1954541639286804e+98 -242.9943944177309 12.56384361 25.12252638
1.1955577946654291e+98 -242.99448495293984 31.4055395 18.84853125
1.1956631145335182e+98 -242.99457059550957 25.12327906 25.12853216
1.1958560432888014e+98 -242.99480762893165 12.57109323 12.5753296
1.1960127480680997e+98 -242.99483267190018 6.27887794 18.84041708
1.1960406111133676e+98 -242.99485422165412 12.56582829 12.57643799
1.1960686778090425e+98 -242.99487960398483 18.85576777 18.85746527
1.1961160016165263e+98 -242.9949333517851 6.28719623 18.84039101
1.1961693567473327e+98 -242.99496881637677 18.83998034 6.2804121
1.1962304356252053e+98 -242.9950354725123 25.13440735 25.12297958
1.1962953104354898e+98 -242.9950772795161 25.13384441 12.55657149
1.1963361730180682e+98 -242.99510378681663 25.14169793 25.13680249
1.196369296262851e+98 -242.99513265319356 18.84541124 18.84066954
1.1964346761214187e+98 -242.99521307954043 6.28315297 6.29290932
1.1965670354111597e+98 -242.9953538938069 12.57471912 12.57106938
1.1966855827184637e+98 -242.99541121956287 2.39471072e-03 2.51419558e+01
1.1967746840452872e+98 -242.9955028005007 18.85652664 18.84321213
1.1968730578340778e+98 -242.99557561175612 31.41232231 6.27455943
1.1969226185913238e+98 -242.99558561715202 12.57401441 25.12737736
1.1969453636793871e+98 -242.99561361716957 18.84041083 6.28144957
1.1969638665022543e+98 -242.99561653384478 18.85597522 18.84281942
1.1970124747735607e+98 -242.99569483326897 12.57558809 25.13302276
1.1970894149305592e+98 -242.9957450842577 7.02603559e-03 1.25722599e+01
1.1972791111467073e+98 -242.99601172008596 18.84070165 6.28380446
1.1974782649260172e+98 -242.99607775055642 12.56633232 25.1239392
1.1975242275316529e+98 -242.99608848533543 25.1254708 12.56143036
1.1976424387133404e+98 -242.9962751580844 31.40746208 18.84816642
1.1978035325944775e+98 -242.99635749258567 6.29165434 18.84907973
1.1979122616607252e+98 -242.99645669649237 18.85645235 18.85429206
1.197986241926593e+98 -242.99648100641718 2.51408849e+01 1.78651284e-03
1.1980443858086813e+98 -242.99655376232658 25.13265246 25.12449099
1.1981329856412593e+98 -242.99662890828915 25.12815307 12.55962237
1.1981813196894778e+98 -242.99663444437948 12.56862882 25.14057584
1.1983940158921155e+98 -242.9969838780081 25.12799816 25.12665178
1.1986109507547985e+98 -242.9969964847344 25.13997005 25.13008168
1.1986356764169095e+98 -242.9970251346108 25.12507652 25.13286501
1.198747465328996e+98 -242.9971829969346 31.4093321 18.85304279
1.1989167143743412e+98 -242.99730749351474 25.13908125 12.56997475
1.1990550747175287e+98 -242.99741379359932 31.41202625 18.84356646
1.1991259331346786e+98 -242.99742568324174 7.11855540e-03 2.51331621e+01
1.1991730206880543e+98 -242.99749232744298 12.57337957 25.13338086
1.1992545972567196e+98 -242.99756173323024 12.56501586 12.57317709
1.1992995098489208e+98 -242.9975672280836 6.28731151 18.85512633
1.1993316369033484e+98 -242.99761530830773 31.41414519 6.27655718
1.1993845869359227e+98 -242.9976555255424 6.41701946e-03 2.51350068e+01
1.1996694037956578e+98 -242.99809014344171 18.85233238 6.28866409
1.1999413622545671e+98 -242.99810891030032 18.85283612 6.28834237
1.1999924346895113e+98 -242.99817526550208 6.28072131 18.85503068
1.2000761111834304e+98 -242.9982483669053 12.56370286 25.12749877
1.2001296612089429e+98 -242.99826450916396 6.28776225 6.27953386
1.2001766566455632e+98 -242.99832668173607 18.85241256 6.28817459
1.2002587641698492e+98 -242.9984013297884 25.12923617 12.5619782
1.2003219837330976e+98 -242.99843202334227 6.27812912 18.84723052
1.200355161399765e+98 -242.9984566103869 25.1272347 25.13233508
1.2004135531661618e+98 -242.99852931062142 25.12776561 25.13481342
1.200550893411288e+98 -242.99868541407764 6.28497591 6.28795615
1.2006822073816122e+98 -242.99874805996077 6.28324702 18.85452844
1.2008040898304358e+98 -242.99888842182506 25.13245268 25.12806428
1.2009571790047395e+98 -242.9990030231204 2.06776331e-03 2.51288147e+01
1.2010367142637587e+98 -242.99902087375696 12.56469555 25.12867491
1.2010501308761166e+98 -242.99902536478913 6.2865631 6.28038484
1.2010783542356637e+98 -242.99906787056247 6.27951518 18.85177913
1.2012338455121968e+98 -242.9992842562319 6.28551805 18.84660694
1.201405626920028e+98 -242.9993538688798 12.56485537 12.56313532
1.2015340841469312e+98 -242.99949808570193 12.56647324 25.12959419
1.2017206138862073e+98 -242.99966432904475 6.28503257 18.85134984
1.2018364906359464e+98 -242.9996909345342 25.13363917 25.13504312
1.2018894950383691e+98 -242.99975253200802 6.2810575 6.28378587
1.2019756381881679e+98 -242.99983427488186 12.56753421 25.13412673
1.202059457524166e+98 -242.99989199725883 25.13171399 12.56533227
1.202116537220386e+98 -242.99992924295168 6.28328945 6.28436294
1.2021552344135033e+98 -242.99995637815186 12.5671476 25.13324912
