0.0027368099241427074 -1.0087909835221829 12.55447079 18.73174665
0.005469780378108816 -1.0113819185200288 31.33386508 25.23954897
0.0054674241920828325 -1.011926878659355 31.28250982 25.09807288
0.005681839751625423 -1.090759691030905 6.04176241 12.27871985
0.005918705494743437 -1.0991439178255211 25.09423927 19.23906077
0.006036530856653235 -1.13389483259085 24.68055898 6.28460481
0.006322697653842246 -1.195137253628633 6.06949047 13.06378119
0.0065243716948835675 -1.2016152499644441 12.23470836 19.28886726
0.006786003371722167 -1.276381587374429 31.06251775 13.09699768
0.007185358772837803 -1.3208800216788061 0.65879659 18.67810056
0.007503900528608584 -1.3670937087355683 18.14351813 24.97634259
0.007933558738683288 -1.4355945404375563 30.77054089 25.57774977
0.008265433625852683 -1.4541375980861078 25.73946767 18.3293969
0.008393230664535317 -1.4702978430583014 24.70982395 19.54110435
0.008975675254444905 -1.5888713512865373 24.25873326 31.25172553
0.009634852652202175 -1.6193127299126218 5.43668559 0.33760067
0.010190930244837748 -1.703547898861035 12.39968374 5.33920944
0.010708483929180005 -1.7240533550311703 0.96605931 18.92807428
0.01100161581458057 -1.7613136315455005 6.53094983 11.60607976
0.011634399133641433 -1.8387458556600957 19.77266637 24.65988632
0.012372440259035096 -1.8891828680056328 24.90463519 19.88084409
0.012813045624018964 -1.9132181503710435 25.38768153 5.24590599
0.013049319916604258 -1.929798918790062 6.86055424 11.64876152
0.01353526589660125 -1.9895165669405042 0.60002383 30.47946357
0.014023213690938225 -2.0054538608747414 6.8263435 26.10972929
0.014147147674232979 -2.0111658118334437 0.03381379 5.17410774
0.014488217663730927 -2.0565877162021184 24.03395934 18.57593478
0.014900067107876159 -2.071680557514576 6.10192941 24.01049457
0.015618803153834574 -2.1531994026750056 1.16370724 6.3915516
0.016420284626907866 -2.1772763506777264 26.05018512 19.61575441
0.01694724995191569 -2.2200590502142155 12.93578297 30.27399513
0.019032120967983904 -2.4052164194807184 24.43696613 19.92209669
0.02085115849454947 -2.415151737578773 26.27332355 19.42500372
0.02199926345978917 -2.513994548093994 11.32762559 6.68905768
0.02445812703234856 -2.630126615207667 24.18074092 30.44734769
0.02601943211221689 -2.645066709890284 6.42585633 11.23745439
0.026237483737793627 -2.650860863662413 1.1564443 6.99662293
0.026485487472042074 -2.667814998602083 11.27154096 18.46790178
0.02751523843724934 -2.73024071595573 17.98770718 26.22030637
0.028449639168289555 -2.739554404775177 1.36113394 18.77607086
0.03026474505912711 -2.8546448378782836 23.74676886 19.01902139
0.03227809675571374 -2.875561413246338 7.63904011 12.94743584
0.035299834511399654 -3.0316446819954965 13.70400266 19.78708571
0.03982386145745008 -3.124655739628287 0.83785947 17.61176671
0.04228524579047586 -3.1574772893051426 6.3932993 1.46775735
0.04554201582776924 -3.273927022519494 24.39412367 4.94779813
0.04926961937690617 -3.321637158888898 11.83521536 4.93153651
0.05308939834457405 -3.425153528714372 26.21136781 7.43005901
0.05743160439695043 -3.4846607271327996 12.96023033 20.35300477
0.06231825380038424 -3.590552008423799 13.88614446 30.50020224
0.0670170906799764 -3.636321577664311 25.43810541 7.83521034
0.06871100963859594 -3.6449764975559766 26.46924375 19.7610457
0.07154592582517552 -3.7197973359036216 11.54502726 17.56862709
0.07945303451353235 -3.8554292779567727 17.32672535 11.95379279
0.09503363210320953 -4.074539920485126 14.19957286 5.95689766
0.10718050824956071 -4.111626985863088 11.00932297 30.75309401
0.11142523712753298 -4.156065006685746 10.89414641 6.28163269
0.11698815494791552 -4.212751100122643 13.95906155 7.31812807
0.12557935019739205 -4.300663011307538 0.24035491 4.59934134
0.13934967626455955 -4.423034449877603 29.70927477 25.34752448
0.149175742769371 -4.44456184406463 17.43635358 11.4865502
0.15686309232845178 -4.525985915844201 7.76851902 24.13839927
0.1659868962818239 -4.5629442919338405 13.99485566 19.94385624
0.1828687603430119 -4.7180358360156625 18.18591583 26.79808636
0.2102992867513491 -4.848238348036265 6.8954728 1.70152473
0.2256557809474616 -4.867135854772791 10.90190627 5.54330337
0.23081743148667944 -4.897328368892022 7.01503993 14.23855603
0.24766736019853114 -5.00915412248735 29.64772248 12.99074656
0.265980082324662 -5.046765113030443 18.71170835 10.76014625
0.32285913224424495 -5.374379465692482 14.11028046 20.0052959
0.40861520406188134 -5.541607188312198 1.09089262 7.89623896
0.4688299224717841 -5.656965897196511 10.81409659 18.01950304
0.5332643003306559 -5.8012803273139655 1.68514925 19.88308815
0.6151165491163798 -5.946486633481063 11.64340321 20.60638903
0.6798539137116016 -6.009677193743388 1.78293039 30.53696425
0.7740529537042116 -6.201792505392611 10.96070106 20.11822976
0.9618725491721241 -6.442874389695511 26.68324906 7.67350685
1.0874167042420748 -6.465511885698647 8.265968 12.59084131
1.1248464903977593 -6.51409193137913 8.01930048 1.13321585
1.1794764467372725 -6.564315458708968 5.22236814 10.78679309
1.2533398664647122 -6.638813753882561 17.83878638 26.94473713
1.3063730462118086 -6.65253705844063 11.65268536 20.70217443
1.348160454569954 -6.705138018851687 10.57460858 31.09722755
1.4073277979850187 -6.742773984801501 13.56268931 8.11445753
1.4501775587632986 -6.769298785105662 23.96084777 4.53322812
1.5139371891321745 -6.832017942588205 0.24886807 20.86090333
1.6320750479139665 -6.922508750520363 23.11111668 19.08459871
1.877290166091207 -7.109304112858331 5.47564506 1.94051448
2.0979271369371544 -7.156890064836819 14.57452151 30.87945601
2.169138311677892 -7.180487400551229 13.06417696 4.26616798
2.258110885589868 -7.2405215366023565 2.0404926 19.21970587
2.6403323908235143 -7.483422660471239 25.56857702 29.36008896
2.9651297244050956 -7.491248288356168 20.38797869 26.71905166
3.2976525682876736 -7.6901408489327014 27.23550886 18.90018971
4.049097983635348 -7.904245724611173 5.90345537 27.23438487
4.838426678844487 -8.056013351358496 23.07636588 7.01522509
5.286088081973044 -8.09067202967734 29.35615394 13.29781096
5.706558281022244 -8.209836899138695 8.12739342 13.89098286
6.475465444362008 -8.346368216451465 13.49777927 16.81942098
6.946300875737918 -8.358828239707941 1.71150549 4.74417414
7.51681233966237 -8.503071763731366 17.06785749 26.60627047
8.07308653897509 -8.510793828586623 2.1341937 19.38609663
8.956753444216963 -8.705375910334144 17.36194185 26.92923459
9.938474797437944 -8.732073787464524 25.47923919 16.67401055
11.167384149940638 -8.932674436755082 14.48043665 4.93784083
13.685843954254405 -9.141916676595976 6.43770433 2.22009884
15.690987862011614 -9.219539205836716 1.74218721 17.21513818
16.79127577769456 -9.281989616265138 6.29968287 2.2335913
17.938610380956415 -9.355356573874548 11.32649602 8.29388764
20.52619945087425 -9.547599271880701 24.80919548 21.09018658
24.073773135929688 -9.682849812879674 27.32491946 30.66563025
26.89109802774865 -9.775370338340304 23.68753329 20.7951472
28.705186883630788 -9.819072692498338 8.06141634 14.24502298
35.192857444488084 -10.158678828247545 20.87141347 11.18944975
43.36825448608333 -10.2666218880672 30.58298007 14.78614663
49.6719542723936 -10.430320066742121 10.35298775 5.36926442
53.67451237028621 -10.432304286618358 23.39908223 20.65231677
61.914110036330825 -10.701830372158405 7.44188977 14.72896055
70.0826788065997 -10.702261753634817 2.29329504 6.87851914
72.65276070785993 -10.776481050994226 16.62541221 11.59140617
77.41421007812514 -10.83377205072152 2.3369264 18.64488954
97.4907405110778 -11.207715062658918 16.60546072 26.15349282
118.83180113691078 -11.267533476766875 0.81417622 8.57908277
123.42147372910493 -11.288289902225792 6.00842096 14.92879363
124.96030326491821 -11.29640273179977 2.29206987 30.57242757
129.43405053474538 -11.36159092717092 27.500754 31.15955171
134.16550437434708 -11.373232355678537 21.15052771 11.74102434
156.11434858713318 -11.649613804289647 18.86374252 22.74049972
178.5258030297703 -11.66449798643858 17.13880452 14.52573348
182.8731541499132 -11.701443216170917 16.45491065 12.65295296
187.28197833555726 -11.716424343562679 11.94311124 21.20611447
192.70120860394942 -11.762026408870936 24.44008834 3.93357281
199.7167738996536 -11.792230891985454 10.84621615 4.31798585
209.88843688444936 -11.86430394155603 24.75457613 3.89211378
221.60324329869755 -11.905721335900962 27.47413304 19.64855409
242.52183229179778 -12.044335431719565 25.38006634 29.00608585
260.8904542353949 -12.060469624646199 5.24747387 22.83190215
269.9203519688759 -12.115687009555312 8.1759263 23.28805601
278.89677559964537 -12.130601782280854 14.34738712 8.23433193
292.4871866251199 -12.213192074089914 30.96446519 2.40597716
324.19874282850736 -12.338266010774849 10.89536245 8.33712379
357.75962169478504 -12.41657296520682 27.15878182 4.56146822
420.0081055880225 -12.650921507014138 4.01462007 26.41528791
468.8079988409117 -12.654103526351737 21.13043276 23.88582678
589.7429369520552 -13.07080697463982 27.57863746 19.40301421
799.101816803562 -13.296136185130335 3.98746461 1.33631007
908.7023635275627 -13.343956371832904 20.29442204 10.30901286
945.6592036117726 -13.380106432753418 3.79415308 12.6728952
972.8515672920345 -13.404824849321928 4.64963443 27.30336874
1007.754498349652 -13.454143848508938 0.8846716 3.86122094
1144.194566566668 -13.653465715451967 20.14143416 22.79739118
1338.6063992737093 -13.778035115142497 10.36463656 4.65084674
1421.8091811791655 -13.781936912293322 21.36022395 25.06849305
1481.9209034682801 -13.863202404610858 17.76175954 14.9712861
1557.3555002361682 -13.886744996697786 17.18345446 14.75823799
1633.7998075519058 -13.961768723133886 17.6985687 2.39560338
1699.6550960894645 -13.97115951275273 6.74836726 15.06929527
1785.0634794188973 -14.061791214176436 13.80430313 29.03745817
2150.1869929887703 -14.331305253031069 21.0845945 26.78470671
2539.780093267618 -14.415179160662381 14.21344112 8.52730064
2664.6968963033846 -14.43300563910328 8.62765891 1.41913526
2789.940929331057 -14.509646720482381 4.24769698 1.959914
2902.7140574401596 -14.5177050307185 29.33706439 27.04397318
3030.325473183261 -14.598091593647329 23.36310965 16.66096844
3152.515667909524 -14.602372974969736 1.89715586 20.94783572
3194.5688572894433 -14.628425259815218 10.81707889 21.05322131
3310.9171776012727 -14.67748326066298 2.4505601 30.31534425
3509.5996033326187 -14.748322033773578 22.61281475 6.9883932
3845.596515504015 -14.86233888241993 29.75776321 10.29382928
4236.1282993757995 -14.947208054062248 4.87427158 14.94849522
4473.706885728937 -14.977047710141346 16.54070125 10.96621001
4667.137863930668 -15.035237578228609 23.93575987 8.7321854
5027.152147186301 -15.128339202443962 2.56555014 31.01252422
5369.1419013959885 -15.17254028648122 23.53580886 3.95890579
5925.897430643165 -15.324392442481585 8.71375079 1.33042954
6673.601101374914 -15.417771354799553 3.7496354 25.99831212
7148.108729418607 -15.467330007112123 18.64251554 15.15680136
7381.531628462826 -15.486555600791112 8.13371318 14.77633467
7693.179153073746 -15.55302015040188 9.98488702 18.37728047
7947.792860590751 -15.55677256785574 4.05074266 26.957525
8892.759066318786 -15.77032617896559 28.80853171 12.55085204
10870.88515809169 -15.964444113846579 14.58399102 4.1596124
12216.78409780871 -16.016495850120776 20.70637229 10.31717789
14250.373599963848 -16.26202829421596 13.67001606 3.74547044
16567.786439079777 -16.335529607043107 14.86622784 29.60157248
17227.440731451923 -16.345436609004338 12.82926585 16.22083175
17579.668769424396 -16.379735159909604 22.50480427 5.96035533
17858.931373300908 -16.381247504540497 12.53116587 28.78117826
17998.646511787625 -16.39923647960217 8.21340988 27.36394771
18658.29244202267 -16.456493180948037 30.8026717 2.61293522
19872.805141259778 -16.528865867823797 10.07426461 7.64874496
21007.244307269706 -16.572355793792507 18.07481722 15.16875096
22683.21972857338 -16.683750273146746 29.67747913 27.49806862
24094.724948404193 -16.70012038980626 2.20811643 16.85377714
25268.29634396817 -16.781282053337282 9.91599487 6.45803674
27388.751644837812 -16.865167863886153 30.18660833 2.54407033
28481.800435056113 -16.86530253961859 24.32533402 8.89566518
28679.25249601767 -16.882903723775453 3.6945066 26.12416394
29151.514539739357 -16.90195112767558 27.73170396 30.48849912
30408.422313993797 -16.970249975334543 23.89308501 28.86849785
39872.131842616385 -17.40264697531361 28.73968767 25.33633728
53405.27520523614 -17.59578116418923 27.79128295 6.96356722
61622.873563799345 -17.699512101413383 30.86910526 22.4594298
71453.10437379283 -17.889474542592893 8.50387137 14.67417483
78142.85904177945 -17.891509623857544 22.88982108 4.20140154
81470.37102128057 -17.975125644020018 27.8276701 31.05536213
86058.7691804513 -18.006587610371316 8.88324321 23.88732396
89253.13121731444 -18.051751361757013 27.3012194 16.67014582
91379.20478931442 -18.058166086607486 22.8223722 16.8383912
103213.7136402384 -18.286337797402467 14.38216251 16.41052632
136251.82290391892 -18.605238327569584 21.21277311 27.1292494
178860.30936283697 -18.845459742158678 13.58544555 28.73890044
215571.4979912783 -18.991662361546762 1.59718979 3.71759189
235654.46721026467 -19.032525336566824 8.7503199 26.9958089
241998.97174677846 -19.04914050238606 13.80039617 21.50303336
254324.6469441553 -19.1341408580292 1.23821401 16.19275653
267273.13905136636 -19.154161107855224 21.2625086 23.15003184
283327.7440054628 -19.25248743159252 7.98116452 15.11432769
298564.7979567286 -19.265297441372773 0.46178055 9.02558445
300020.82408853906 -19.266254027998794 23.32888507 16.34094183
301249.3004944496 -19.277434976058313 7.34232251 22.4417156
326989.2490028684 -19.428555609442213 25.34249469 3.52597422
394186.2557393727 -19.648822458745805 22.38034947 18.290715
529668.5339514873 -20.004118147648857 2.51250527 16.9447774
628112.8187510165 -20.025039972719714 17.08954807 15.13848262
662948.2796724528 -20.114191595534454 12.77897873 9.06612178
807078.4075189165 -20.40360295346398 6.97084343 22.35891467
981266.1221050968 -20.526148413201085 29.01242792 14.72677669
1114565.1858578962 -20.661524653838384 23.05859007 8.75356858
1243882.2468123282 -20.75221315287255 24.37116719 9.0653546
1429838.6328320496 -20.93764099320298 27.81089732 7.85041153
1694196.168176527 -21.097689296067433 6.88908307 27.93773821
1931953.9665637442 -21.207659249414892 9.09627065 24.60998241
2073815.4510019212 -21.246055020691127 9.96265236 20.7240992
2236835.2176066195 -21.360116816962645 3.86535834 14.79962344
2519454.614966236 -21.48722618211202 5.46361206 22.32662735
2726247.983054371 -21.52554983702245 15.22588605 8.03907758
2780222.133818424 -21.530791531872648 21.65627373 13.40014211
3339200.2336639203 -21.86770863826184 6.9281208 15.39750756
3894813.307213141 -21.870858965011703 9.1174435 25.71679222
4150574.777742427 -21.995055559130353 20.57376346 9.87249515
4434077.401716929 -22.010792266923325 22.87613918 8.73774092
4481553.946752032 -22.02039100485081 14.95482052 3.94663187
4576776.202891814 -22.056534761202656 21.65739323 11.50948693
4918456.922400748 -22.165733917640345 11.27347803 28.63103691
5293577.1760632815 -22.210018919081957 9.70848486 19.01920272
6082217.451128913 -22.43530830933691 22.38074376 7.85046832
7118131.5178874 -22.538564570948278 26.00826984 28.57445778
7696322.48221466 -22.597300931885137 7.58710125 9.76464627
7978801.40395355 -22.615431930422435 10.73778856 8.98163867
