0.015380149549257816 -1.1335901060681344 12.19544932 19.10881775
0.03093196179217034 -1.1643839978318287 19.34587595 0.04741703
0.0339779829429671 -1.3343591041226066 18.16303145 12.66076002
0.038183401459803444 -1.4229152577651196 6.99380328 12.26493724
0.04303251363545916 -1.5884843217272937 13.28359676 19.38501112
0.04698240708385631 -1.6249632317890494 12.79680726 19.73295405
0.05118565310745224 -1.7745043399268154 5.74118416 25.97936547
0.06746004820730564 -2.1647651789870195 24.07799647 30.87717685
0.08458199622772425 -2.281224668459378 7.25545964 13.32879878
0.09289618773835213 -2.373451295702779 17.60285347 12.48713421
0.1343676897280304 -2.957385323823925 30.03802632 0.38265597
0.19603936186579582 -3.2161854992513317 7.71648765 24.70475608
0.30600809723684086 -3.8004279753561288 1.35772686 5.34337798
0.4425275224024375 -4.043305192380176 1.65102825 31.3367084
0.6249403794701652 -4.478390808462389 14.2319386 30.89748559
3.3614071539836137 -6.551380359693586 26.29859206 29.69262885
6.002120516998349 -6.581273521900716 29.43134211 0.2553783
6.087707415989788 -6.599736660666896 16.85449351 0.11357753
6.792676136042938 -6.8094331933953205 12.40934434 4.26823241
7.529477178119175 -6.836389966394398 6.44540827 10.54892779
9.283972554842205 -7.213162020298318 20.90757256 12.49564855
16.530419709441496 -7.922245904306763 4.63209803 26.67111054
33.814871933178395 -8.655946466554909 11.6125132 20.90210229
48.070336301622795 -8.77386609481477 4.50766039 1.5266456
50.90381490379206 -8.793767544017525 10.39497071 6.71769175
74.20358275468921 -9.443791170823225 31.05438143 10.33668419
226.27768038048367 -10.748801743924592 20.17088652 10.46397036
2295.519861529052 -13.235755889733982 27.13521212 4.42929184
4525.193982317512 -13.38124780664814 11.1497578 16.57794058
16374.539311712866 -15.141613992651832 8.8526038 12.22065284
54851.0293556538 -16.228536502019015 29.27701315 2.02814428
81403.71716892402 -16.232972557744148 21.38772609 13.65957582
96957.365266999 -16.5698966669192 4.24597679 27.2951991
116628.86057770846 -16.64900611487667 2.64201646 31.14884893
185506.30486845595 -17.386533699573874 16.17335293 12.74146545
331635.24696989765 -17.898890587603738 1.77498442 28.98416656
601311.556151946 -18.555583200999596 10.27135625 20.93750241
1023953.204191963 -19.032916106500597 0.35449775 16.11177087
2250658.6662385906 -19.987408039105695 28.65072916 13.13166415
3677865.109699746 -20.23887712340522 3.53174788 11.6798055
11446457.007624602 -21.762288650997704 5.37500821 27.94248483
27083125.920028705 -22.409713289134288 3.43454565 11.88393233
42225198.04325599 -22.745375007600316 17.20760804 27.88451671
69749402.8268654 -23.366496855576564 15.38684312 7.69047502
195531577.0309252 -24.576290760690224 9.20529206 0.7021115
466857455.63646865 -25.332770326759597 2.39902554 8.91598912
770916679.5758247 -25.704697846784008 19.57097066 28.09081715
1008967334.7978508 -25.914297714647418 21.4878053 10.10116101
1135141565.953487 -25.97043378537869 8.72677081 9.90782642
1470442380.508518 -26.405620118228477 10.09940631 8.96505528
2631402053.161307 -27.087246861947637 15.55018116 20.02570084
3743724130.919361 -27.23887877732202 31.19879919 9.55243423
6904076087.073614 -28.140327326820778 27.91872035 16.29009874
25231954278.496544 -29.572967692580107 15.53795439 29.02953206
41084281962.6977 -29.609360878136084 3.02351176 29.37339842
110020142991.61908 -31.070930135775093 9.40045502 12.0452262
275822936927.77563 -31.82197541029764 9.41878431 26.59561795
390193525851.21124 -31.920018535187474 15.39473888 3.15442536
447353765874.9949 -32.10879593105157 9.22902319 15.73575964
699361648434.1273 -32.74341272071248 30.49976041 15.7284954
1175293093638.6863 -33.211631579377276 2.667613 9.55197194
1584292641211.7368 -33.405487722719535 15.89916546 9.06097658
1891333669728.0088 -33.58697764831573 28.23529751 0.15936104
2835799664334.8184 -34.16211479517205 0.5557981 22.04590449
4325516539215.8364 -34.50382364000234 21.79495905 28.9047462
5668193615165.328 -34.738058363894005 9.03433704 28.61739534
7901350935396.061 -35.15797392146388 17.59887123 21.89736852
9773209181951.367 -35.225793785602 30.66737536 28.35770473
12516099431350.291 -35.632662772877374 15.60477208 23.99687479
17854231659337.17 -35.969084745852115 22.24396366 10.19432471
22343566824173.035 -36.12337615678312 22.16837446 23.16674096
25479407148462.562 -36.25337336883196 0.56444297 9.53008429
53108841572899.695 -37.33647327008226 15.93747823 4.29957632
81591685854662.34 -37.410638239859786 6.07803445 15.83566904
114112757902681.88 -37.955381370231244 28.67750081 8.71633472
191289037209903.7 -38.471223991880976 27.61345779 15.24115816
387488254133917.9 -39.289830327849295 22.16831477 24.48018962
678126413577354.4 -39.72623266594641 15.91060611 5.26854971
919245852652860.9 -39.95262349744657 17.95423047 3.34334872
1078040522145131.0 -40.0739358092393 9.03015072 29.25193099
2027315738863676.0 -41.022397536811525 7.90009763 3.43766186
3202615796798133.0 -41.21593600371322 28.53403905 7.56370699
3772863425046810.5 -41.373203648092776 27.79411156 22.9099201
4776686175214828.0 -41.689008865153646 15.94726331 17.99563059
3.6059382670934424e+16 -44.189160770252535 27.27046084 9.98648125
9.057917775012709e+16 -44.74608006830403 24.7909314 15.42551291
1.1491751581317862e+17 -44.76154014348913 29.52857353 28.75210908
1.1623645148817549e+17 -44.78868009258233 2.86210367 0.10096885
1.542096823365403e+17 -45.28583400872613 9.03176081 4.79798601
1.9973778203112758e+17 -45.38468752903359 5.4815831 9.10899378
7.281370799541224e+17 -47.179322845722204 4.0643463 3.8839599
4.708246801199536e+18 -49.06883791468787 21.30940928 16.83459936
8.320773473008091e+18 -49.122127904047765 22.35973067 12.1343507
1.2676272512913965e+19 -49.81403265908738 9.04678995 18.50532715
1.6997598755893346e+19 -49.845825407556724 22.90904423 14.8444948
6.222255390554312e+19 -51.683012307162336 24.96036678 2.73479189
1.4655482168587418e+20 -52.24705201030992 20.50050638 28.89167651
1.8965117177847674e+20 -52.29638117034072 15.25696266 0.78826215
8.072384565963509e+20 -54.29665560294921 4.54643917 28.97941732
1.6950663338328759e+21 -54.63866705984658 0.2259354 2.68294296
8.67226431478167e+21 -56.69763947518186 2.03541019 22.95036604
1.6801720879237313e+22 -56.885312524106745 14.18680743 2.41835126
2.1097938744274105e+22 -57.162564651951335 3.80896407 17.40796325
1.1011337650279356e+23 -59.27475215808743 17.66723666 21.34799931
4.621018145114117e+23 -60.59685951977542 0.47384613 15.13984073
8.442412115031874e+23 -60.88737532512705 16.4321717 7.65077569
1.7591307361994694e+25 -64.46488810174604 22.60476713 12.38118091
3.908695388260469e+25 -64.73253074990976 8.64724901 4.99087734
8.231318813376843e+25 -65.74575459820399 4.06327826 17.24935467
1.7685273847271496e+26 -66.41759570090659 21.34686689 18.61901905
2.5428303614311045e+26 -66.5948536735473 27.62487891 24.84399125
3.158464903884287e+26 -66.86126620299676 19.98284949 3.9134335
8.071952507073612e+26 -68.1306728776799 14.64318247 1.74512494
1.3566517875483977e+27 -68.2915167121808 29.03187964 5.31640147
2.1670182995041973e+27 -68.97809583530153 10.1307759 24.56906407
3.5811384221094417e+27 -69.38963263006941 7.53642702 8.5724353
8.009695469259523e+27 -70.40337092196036 2.09777807 10.93473534
1.264219727159609e+28 -70.56259182889598 1.9367927 23.29016769
1.4807616818183182e+28 -70.73811359795282 14.32423222 23.12959649
1.7973745647434696e+28 -70.96489539861321 10.23564848 1.00821221
2.472536242593528e+28 -71.3682734951653 5.86809017 8.69756245
4.612105728308152e+28 -72.13029483554426 26.16538226 22.82712879
6.511719853785195e+28 -72.21788208088037 16.68412382 29.98263242
2.168637387819166e+29 -73.9126253016816 23.00152689 26.56853507
2.15266465329085e+30 -76.29833546869557 8.10269135 17.04109932
5.499388030348268e+30 -76.89589541243517 29.88298637 4.26376725
7.330904176942054e+30 -76.97938996908448 27.35665855 1.04484914
7.649105111201756e+30 -77.00238580586695 30.01137427 16.76207541
4.301655589222297e+31 -79.3277908772556 8.40453081 17.6151605
2.464501993887601e+32 -81.00527604546123 4.16870947 20.02932363
5.7432477695582446e+32 -81.58942514608441 16.55676178 6.31558203
8.23601496113168e+32 -81.81732513590391 23.80361064 27.16952125
1.2383082399170784e+33 -82.36408723272152 20.98051582 19.92085798
2.358567477917934e+33 -83.07566493891596 5.13929783 8.37753308
3.263788624341112e+33 -83.15604350766797 20.91751807 5.07512302
4.272894785608617e+33 -83.58939953732065 4.93214729 8.27774038
5.42181147347626e+33 -83.69596963196841 11.42331373 2.08474756
5.888989296992646e+34 -86.68324612682703 23.11251248 11.38126965
1.4373308615999433e+35 -87.14661431256556 26.7241492 10.79839461
2.7886692902894173e+35 -87.93163905809577 14.21394944 1.70126672
4.1829126040712375e+35 -88.11891174032506 17.52546462 16.91962197
5.446810622871125e+35 -88.45948166025703 5.42060339 8.38566028
6.676355929008503e+35 -88.57161278177612 13.22653825 14.71251678
8.26902606420255e+35 -88.88583053578641 16.70308749 5.6476498
3.3026537513841006e+36 -90.6742809237764 22.96520047 12.27920451
7.101126048521447e+36 -91.10265908122703 12.25482165 10.40610772
1.723629400970828e+37 -92.21742973447584 7.10118185 8.34533338
2.7416695560018367e+37 -92.34271786062402 17.20852025 4.67151684
3.431218562762467e+37 -92.66421874094887 17.42387927 17.06189889
4.529958809044431e+37 -92.92676066107578 1.93113288 23.96886901
8.458393402202572e+37 -93.77533192278771 0.03479085 10.42581084
1.062886722138222e+39 -96.61581911621718 7.85807248 4.6951234
5.553845361128954e+39 -98.13875979054157 4.19878823 6.45488894
9.906051650405351e+39 -98.31633824398281 4.45179339 30.21909321
1.3528115066349498e+40 -98.7443326873395 19.45843172 4.2585912
2.29401863065389e+40 -99.34813586826247 14.60989614 13.01818793
3.2773594543545495e+40 -99.55664278647023 25.87600181 1.98405213
5.280306616008484e+40 -100.22357881147255 10.55369111 25.70762565
8.579756531808761e+40 -100.61795210494022 16.83483872 18.31289832
1.0981879583293334e+41 -100.77001924517154 4.97586681 20.57686996
1.4334150258280343e+41 -101.14202528927562 23.55576407 11.07394863
4.048164943348476e+41 -102.4819277485913 14.5431944 13.18118145
8.788813102106607e+41 -103.0512083320726 23.1474847 13.101693
1.148436401167535e+42 -103.11574988116038 5.63926792 16.88688248
5.556661710409655e+42 -105.25207308831457 20.13176648 7.95376165
1.04162824136887e+43 -105.36261216746011 0.21572234 27.13009934
1.5392529359876602e+43 -105.96629391263238 30.02159624 4.70890462
2.142139300198238e+43 -106.12684812496158 30.25932089 20.58340368
2.4863303727993297e+43 -106.28443577475508 26.71064985 13.94956687
5.136127080354309e+43 -107.33826454710483 16.8679234 31.35065046
9.94617454002694e+43 -107.8315558800657 19.00163119 8.25610333
3.1585797530414084e+44 -109.25849519915747 10.7544288 13.45692618
5.921828795689303e+44 -109.55721286133559 23.28955091 13.35495032
6.847023004424942e+44 -109.59067877211778 25.0933938 10.60975528
1.2769299528777301e+45 -110.58585073275623 26.37948775 26.74205052
6.613327622476502e+45 -112.40466092798881 11.56600003 1.72356243
2.354195824801823e+46 -113.56110467966886 20.71159423 30.89128993
5.634498392415285e+46 -114.33942694974944 24.796289 23.24936118
7.937234892648197e+46 -114.41274670599276 24.88653122 14.45851663
1.1251380927370733e+47 -114.97932211495102 1.8038703 25.82803352
1.7252977650018787e+47 -115.33531860414 1.23708768 1.54107183
2.544812488285375e+47 -115.76272851554712 7.69866995 30.03795598
3.071098298206391e+47 -115.7764550847828 24.79529265 23.26572534
3.2922665412421185e+47 -115.91683563940364 29.64953992 19.62815927
4.273944188668588e+47 -116.28880701021724 16.96755302 18.89073789
6.914567270319944e+47 -116.85438891948888 11.38566596 1.55732843
3.68876706493122e+48 -118.86243351057814 20.36008044 20.05299155
1.6878654471570293e+49 -120.30744017917918 5.92731955 17.03586679
4.6682401586776954e+49 -121.20432682891914 13.10139583 23.36171003
9.97096966341661e+49 -121.91585059944596 25.79525781 1.72983064
1.440341001299856e+50 -122.0772776314319 26.30783058 26.61452857
1.4296157133961833e+51 -124.94262635893689 29.84531215 19.81548307
5.086907175040988e+51 -125.97172128078103 13.99147702 23.96146332
9.632347931253736e+51 -126.43914895005815 12.78572644 26.89476275
1.5502205959414364e+52 -126.93630068633385 30.69667831 29.76437357
2.1160505917492874e+52 -127.13287686325343 6.23822347 29.65188186
6.681379262496781e+52 -128.70336182275662 0.40865261 23.42096073
1.1095944519564823e+53 -128.72915232152815 17.12021022 31.1245657
2.777735825424348e+53 -130.11355763268892 19.136271 4.56833536
4.762406962594629e+53 -130.26659216034554 17.89729819 20.3561827
6.004607395016382e+53 -130.5786139225921 24.06428469 1.43111952
1.4726327132385359e+54 -131.76954102997243 5.20930935 20.2597618
2.875135656559602e+54 -132.22140632104967 18.29517479 4.64323636
3.50648956528396e+54 -132.2370288931458 5.25264481 4.85041303
3.5016239661343046e+54 -132.23859026493434 30.89384357 7.93121766
3.891903087991012e+54 -132.45643255759887 26.82403695 0.27158251
6.642512610295545e+55 -135.8610258063717 11.82569053 14.1019804
1.685281968344335e+56 -136.36035337377686 5.61366426 20.40602243
2.6723548075483896e+56 -136.81372375465278 12.38296481 10.91279584
3.376847674026504e+56 -136.8974204833072 11.06556127 25.9253463
3.5233251090439775e+56 -136.92017088558046 17.33717753 18.08402072
4.402890205169856e+56 -137.32288829632083 20.41339073 18.23553044
8.215737618550463e+56 -138.08581142443168 30.19514937 7.46993136
1.1231856560932463e+57 -138.11016090070578 14.09544766 0.68777751
1.3147897080146963e+57 -138.39995387384297 23.88144215 1.1484779
3.1644180771841124e+57 -139.57865522963266 25.5050184 10.96764402
6.817157298488643e+57 -140.19130987660913 17.92487574 20.23935689
1.0048568269366865e+58 -140.45022324544573 1.1382452 13.79457199
1.7442108726342041e+58 -141.19518838998525 18.15341065 29.92688559
4.434776007007249e+58 -142.22020865041927 19.61662669 20.29601135
1.286957164250386e+59 -143.31300150823725 11.12701084 24.37969555
2.4135420836611295e+59 -143.73774980341904 0.0437499 26.72044764
3.5499021260505967e+59 -144.11411376476406 23.83556653 24.14839694
5.533584140080852e+59 -144.61789757144143 4.83992664 18.14197547
8.730827881039453e+59 -145.06031393500785 26.49755593 0.85703761
1.234351043153695e+60 -145.35695854968867 14.12188105 25.38134508
1.425073442831947e+60 -145.38922954831378 17.6733801 30.30589779
1.6337090809255247e+60 -145.63528138146035 17.91761351 4.97146427
2.333039236696799e+60 -146.0864114158636 17.61345206 7.31114838
4.855293323662167e+60 -146.97867121216396 30.44563954 30.14910794
8.185002638458758e+60 -147.3153370814268 17.51939186 30.54993443
9.650731054550608e+60 -147.35582550445466 26.61098415 13.08450649
2.107791140894284e+61 -148.55708449017095 30.21171887 17.82727184
3.6012496441630735e+61 -148.77599705268864 17.46647067 5.55382959
7.456141457593082e+61 -149.79525508324008 14.0247653 24.64147474
1.2638682431610989e+62 -150.08030248186432 17.76213845 19.97270208
1.4844584531229357e+62 -150.1557245172855 1.2988311 0.85576741
1.9826794355492903e+62 -150.62570392268296 19.59299209 30.0623252
3.1950608130641167e+62 -151.1233692803937 0.86653484 23.85331988
4.981372958327485e+62 -151.54994219437413 13.97463684 24.54661234
6.921594345985552e+62 -151.82715141988518 6.04253696 17.36223562
4.975777706424817e+63 -154.29215187172272 11.96900664 26.50488242
1.940361656616019e+64 -155.47798950146802 26.53073916 0.47850543
5.026804800519783e+64 -156.3600586994294 11.53878156 26.21353687
4.612444142224229e+65 -158.8535526084283 13.90648894 12.02736999
2.3967287871655968e+66 -160.39723405098138 18.09468273 5.0589599
4.489940686755824e+66 -160.6566976768381 0.51572609 13.89361381
8.60585486812046e+66 -161.54430716571088 30.80920787 5.00071318
2.7241444712338086e+67 -162.80082393586792 1.28426423 24.567526
4.8953827424617554e+67 -163.08723162109294 1.38276641 25.07350406
6.344327304338997e+67 -163.34334549645035 25.01142336 26.50937325
8.365366631531667e+67 -163.65272961258412 13.40539254 11.43879601
1.0229812527572382e+68 -163.78511487196678 26.3098109 11.80619031
4.635693590811088e+68 -165.81144841990385 19.61161488 17.70039805
8.131707044896433e+68 -165.81666826297828 13.67259901 25.95940262
1.4342068153286112e+69 -166.75411115858083 7.36582214 30.57494296
3.688496217806581e+69 -167.7152918186539 17.69088565 6.98679631
5.75053351646644e+69 -167.87812595050926 18.65587566 4.96260456
8.213119590600317e+69 -168.38991475454017 24.9727101 11.2475022
1.731898912351074e+70 -169.26805732790754 30.23769643 18.22102253
2.4908205214145455e+70 -169.3227455276817 6.37359476 4.96876927
3.959334949486549e+70 -170.0767479361157 7.36217899 30.63489511
5.751901231711556e+70 -170.22309107444246 24.04420285 24.36881683
1.396110000649234e+71 -171.4954413929139 30.12649812 31.30390215
3.5368018471515935e+71 -172.31765215411713 17.58547591 6.52984215
1.2993106831624194e+72 -173.7857579900144 31.13298584 30.17489899
2.784218511464726e+72 -174.29428243605062 1.06561818 0.71387359
3.636767600668688e+72 -174.40103169555584 7.05202372 19.87666111
4.249538236673254e+72 -174.61683994465113 17.97025072 19.78294446
7.139885872252116e+72 -175.34173664387063 18.74282704 7.53096175
1.631165976782996e+73 -176.22760458325104 19.88072136 18.12342325
2.309192201383751e+73 -176.24684236237954 24.62528272 1.14608339
2.752252629772071e+73 -176.57228023364465 25.0953004 1.23774109
3.606625057877747e+73 -176.8186710469811 5.82401103 7.440701
5.054579032412119e+73 -177.23859924690734 26.17800335 13.24908476
7.307156333468454e+73 -177.58892866545773 23.90876157 25.03990778
9.003141404213257e+73 -177.70320282773113 7.05457996 17.87173214
1.597051613422622e+74 -178.57440068207546 31.22636573 30.21277712
6.388428261293016e+74 -180.12848168633963 5.39075439 18.02023452
1.641708672709707e+75 -180.89123117084068 13.74997513 12.70208187
2.3540428731997745e+75 -181.00783059981413 25.79352753 11.55877957
3.026441573858987e+75 -181.3821999940867 11.91091813 24.12696436
3.603261773385494e+75 -181.41125945112796 5.10299428 18.95869032
4.5783931653060105e+75 -181.83646542208345 24.05939121 0.51593332
1.738771198530651e+76 -183.51224098413863 25.61441935 24.0657146
2.979134160552847e+76 -183.56518743736174 11.50996041 24.62786216
3.3130746786973104e+76 -183.73788356643888 13.72421989 25.09132326
3.5698076307763423e+76 -183.74180109410997 24.00687908 24.84379675
3.891188680642431e+76 -183.92207988350268 31.05944538 5.17706711
5.1534691822080534e+76 -184.29682230422745 25.66277777 24.09723047
7.307722545075842e+76 -184.6452158260392 5.87683866 5.2016042
1.406069579877974e+77 -185.48461257792636 18.44438279 17.77783431
2.1893014777726801e+77 -185.70929677252502 7.36418311 31.04736165
2.5973083467783124e+77 -185.8536862204629 6.99065124 17.94310094
2.846151685731198e+77 -185.91640598706567 12.84401795 13.66928517
4.2089293092102033e+77 -186.55636514214544 30.47784747 18.20106929
6.565976463908042e+77 -186.89743608064526 30.81872376 30.45058272
1.0186141555906182e+78 -187.41677757761124 24.058805 24.81061453
9.325854788603215e+78 -190.03768071445592 19.75517254 19.4717051
1.7430479605877755e+79 -190.06242041770105 24.24645361 13.21621074
3.728963614269986e+79 -191.2467995730469 30.9385288 19.81912342
7.388204387196342e+79 -191.7250991520922 24.99203388 11.50813883
4.568178160454304e+80 -193.93509924420067 0.58400367 13.44031628
9.396909825296715e+80 -194.20170206275628 11.91228175 0.8202
1.138915526552009e+81 -194.3516615284876 30.42823768 5.95815395
1.290224913270343e+81 -194.47301979952505 19.88054431 6.36767315
2.1560424063414215e+81 -195.25356217398985 25.93586852 0.65470253
3.0249297933492816e+81 -195.31771414104088 24.13015642 24.91481336
4.297644075950131e+81 -195.89473986307254 17.95566475 18.34703817
6.803256588098347e+81 -196.2980094672537 7.2952486 6.30152623
9.007525204366476e+81 -196.50558941098717 12.28711041 11.59282831
1.0659554324956066e+82 -196.65953660476086 13.54995018 24.90332509
1.22066503892951e+82 -196.79768998150342 13.49787615 12.17120542
1.3972212427800601e+82 -196.94868948711272 18.07797965 6.94297832
1.4954361643376999e+82 -196.95912318402478 5.33311095 6.62165031
1.6525752415122062e+82 -197.15852712761267 19.23797508 17.92017361
2.097546116352427e+82 -197.44532183377876 13.17347249 0.80515365
2.73489864319638e+82 -197.71186409819708 31.04101106 19.77680875
3.8384221581633536e+82 -198.11959000088135 11.93986031 11.78667325
1.1454918643945693e+83 -199.5106223260573 6.56519484 17.91522147
1.9463081817768916e+83 -199.6443566756334 30.62385311 5.70546285
2.0953139152969544e+83 -199.68217149865524 7.01808841 18.20016717
3.002790632059349e+83 -200.29255974421622 12.82130806 0.93146657
3.929916864430423e+83 -200.33157644908388 6.90160348 5.53305939
4.999747649833416e+83 -200.75076703501728 12.25612366 0.90959591
6.038301489300115e+83 -200.77244255948295 25.88009385 11.95352727
6.474186705604836e+83 -200.905746421705 30.6113975 30.88553508
8.272974295805666e+83 -201.2565204324997 6.21848283 30.4667534
9.959562572056404e+83 -201.32611864861119 6.1622704 7.22638036
1.1398212839253124e+84 -201.53644020621402 31.31741355 5.34023847
1.289958094608964e+84 -201.60341314550897 25.68900461 25.90919585
1.4823187030413375e+84 -201.8233850438486 25.27694626 11.6325445
1.641104560520519e+84 -201.8388505596699 5.72964581 7.05782869
2.0715061120043733e+84 -202.26425347886874 0.05609998 0.93696422
2.8921091845901674e+84 -202.55064147378854 25.83184231 24.49879246
4.040122680758851e+84 -202.93622609332522 24.48824196 24.45019129
5.971684525626542e+84 -203.34708355980132 12.48876285 13.48810256
9.287437899406774e+84 -203.8247859758448 18.70926862 7.19181462
1.5280692502031196e+85 -204.35093119088916 12.031253 24.38527481
2.0742318428519597e+85 -204.517364697955 0.90209488 12.44440455
2.4874614491893075e+85 -204.72982845900776 19.05624353 17.96482514
4.559946840799204e+85 -205.5836529714269 7.13320977 5.99107659
7.438658597111297e+85 -205.88312383242854 6.94796466 5.67700363
2.85907878094369e+86 -207.63394620239487 5.63368554 18.261791
5.481358219072392e+86 -207.87497553097904 6.31699897 17.98446831
6.417467649734867e+86 -207.98087462647078 6.22083164 30.55374413
7.026419919859383e+86 -208.0766916421663 19.21160767 5.49541999
7.402149928258363e+86 -208.10702594268304 0.43786647 0.74929824
9.367935866206382e+86 -208.52459002661413 18.03812793 5.99941429
1.1438256785635902e+87 -208.5690509751933 18.06495336 18.49699505
2.891366802295437e+87 -209.9541289772716 0.02219812 13.40375008
5.272035937957095e+87 -210.21846585088068 30.67764253 5.88592355
6.345965535850106e+87 -210.35742899928 13.19576966 24.57907155
7.18648516377819e+87 -210.4877155523551 31.37485178 19.67894917
8.256858280959711e+87 -210.6524754371297 19.03662548 18.04168435
1.0450139228734272e+88 -210.96172338083107 6.95713602 19.3326812
1.6152922600407673e+88 -211.4965007544441 0.29034528 13.33213471
4.80041602816892e+88 -212.82089206257638 6.98309775 18.4584085
8.130239105249287e+88 -212.97408184579416 12.16190381 0.68998019
8.972046786329071e+88 -213.0425297207922 6.57416008 5.54100923
1.388765452284155e+89 -213.74725448044472 25.70819018 13.10741614
2.0509368041341495e+89 -213.95327310851468 0.67776609 12.96363881
2.3495641553771865e+89 -214.0473995753609 5.54198059 18.59959807
3.396086840156749e+89 -214.62882599958587 24.54751975 12.05549827
4.494798322397621e+89 -214.709612862007 25.57657219 13.20186607
6.692236360427986e+89 -215.34663382012997 18.55865529 6.98947974
1.0745811038719909e+90 -215.73831677394642 18.52123819 18.1657081
1.8005943263515469e+90 -216.34606500600975 18.83565228 30.6692603
2.427031013970737e+90 -216.44388256944137 24.80789831 25.80656004
3.321914599456136e+90 -216.93612757337948 24.82284207 0.67248395
7.072192477297821e+90 -217.83814903404465 12.3192983 0.68267681
1.0442235185696745e+91 -217.93015597398542 25.84556863 25.00945363
1.0847316348393142e+91 -217.9362740122602 11.84755935 12.64456681
1.2053961050278904e+91 -218.14965580675448 30.72341233 18.64987539
1.6562977524864692e+91 -218.56106917854692 12.08475604 24.60137705
2.033831483185066e+91 -218.6213417501156 12.18337592 25.73713426
2.3206593761814963e+91 -218.8344096496557 25.76873227 24.81372536
2.557619482151055e+91 -218.846982127872 25.14800417 0.70872939
3.078362649529068e+91 -219.1948840891929 0.68701215 24.97828828
3.7625782697333794e+91 -219.2958557823083 12.54730532 24.43107461
4.141299563138525e+91 -219.40610568750293 18.82989909 6.98311475
4.594140340533581e+91 -219.52292777448125 0.15740008 11.88526322
5.7642197371840015e+91 -219.85564421520516 25.11651648 25.82570131
6.770268021470043e+91 -219.8917918826827 25.17807854 13.25751757
9.903355252023473e+91 -220.5348806035782 25.61435146 25.62093482
1.3561515647371835e+92 -220.63934713687206 12.02861128 12.14385952
1.521739614775279e+92 -220.78277618351288 0.05673619 24.45661236
2.2293778544145445e+92 -221.34901504488428 5.6640366 18.59118901
2.978036242494953e+92 -221.45790524471468 25.26311803 0.65513629
3.120936445439312e+92 -221.46560169395394 12.70999824 13.21869755
4.075903555715392e+92 -221.95294257231063 11.93087395 0.17917308
5.1879543651246314e+92 -222.02547817466726 30.90432908 19.26839272
5.780338460344765e+92 -222.18411871623647 18.20524612 6.1596116
6.411156502366529e+92 -222.25747388764273 6.86400296 5.97726089
6.836231645183682e+92 -222.33235673784128 5.70193357 6.58552677
7.624434705942243e+92 -222.49075332299685 24.51278817 12.36585037
1.766989982686578e+93 -223.696285191901 18.80781375 18.22056529
2.725552782181818e+93 -223.72054127705698 6.56590207 5.71838135
2.813871956165492e+93 -223.77925171786558 19.40037757 6.59065135
2.9087601624118263e+93 -223.8074359116487 11.94037255 25.07653173
3.2434265636048045e+93 -224.0071981151575 24.6912942 25.57886275
3.5549749013955103e+93 -224.02068608495995 5.71048289 6.0299385
3.793476376894554e+93 -224.1526626516083 18.67111324 19.44675033
4.707206819181862e+93 -224.45395308562863 25.33181708 0.58531197
5.822653539549153e+93 -224.61409059244468 25.68511237 24.85988558
6.728502127252862e+93 -224.7638491586179 31.30166389 5.68168733
8.224257998290344e+93 -225.02416988568004 19.42985021 18.66763202
1.0350760855554974e+94 -225.24807998188723 12.03485467 25.42187816
1.427087713030952e+94 -225.6573197685967 24.94933681 11.99831375
1.725136713819787e+94 -225.6886565016547 19.15198768 19.36464685
1.7698842836027413e+94 -225.7282889925264 0.12884746 25.71392523
1.8906380281413634e+94 -225.8379455560619 31.2010466 19.40326014
2.0474272212456064e+94 -225.90926231473233 19.38280127 6.02373721
2.262031858557088e+94 -226.05329456475997 24.59964563 25.38639801
2.441062393585253e+94 -226.08641044880898 24.65544537 12.91392206
2.6343851999548714e+94 -226.22135339426066 24.74746136 24.68838934
2.790555651342373e+94 -226.22603637794154 12.89506175 24.64545743
3.1312438824070438e+94 -226.45819453352613 24.95281206 12.01241409
3.733972341162419e+94 -226.6060085699961 6.78645789 31.12649189
4.189873971646758e+94 -226.71118430182275 31.16282293 18.32951695
4.378880560573334e+94 -226.71691015894174 25.04935173 11.99526189
4.523922615232822e+94 -226.794751408681 18.76971593 18.27939776
5.654693087578127e+94 -227.1526794232848 18.89805778 30.84898532
7.861590604878875e+94 -227.47901110843006 12.67523629 25.68525523
9.568573120262618e+94 -227.58905051987568 12.95343463 25.54112033
1.0582665964339387e+95 -227.70031085369388 6.48301778 30.89330476
1.250034412105596e+95 -227.93175955665708 18.35029885 6.52661023
1.5128825766363792e+95 -228.10754972032362 0.48023277 25.40548455
2.0511272804812103e+95 -228.52489034487286 6.46683524 5.77150819
2.782049793413817e+95 -228.76580339280986 12.4023459 25.64599844
3.235667228647343e+95 -228.85918110516212 18.64388827 30.91958183
3.5765724244707675e+95 -228.9843108194293 12.14956586 12.90264368
3.9319599724623903e+95 -229.07059895158878 24.62729894 12.73516009
4.1551197323862684e+95 -229.11596429893595 12.837832 24.67447677
4.404228474264362e+95 -229.2054600713798 12.7600825 12.07264114
4.6410074323900713e+95 -229.24226084179708 24.61402158 25.23730127
4.9857792683160196e+95 -229.36523736601217 31.07743695 5.8779916
5.291057063433637e+95 -229.3847018845596 25.57158725 24.84021988
5.370216443564263e+95 -229.41470798976843 19.1117519 18.39282743
6.177877677116119e+95 -229.66892725328015 19.07864034 18.38124545
6.995541353995928e+95 -229.6990911370856 6.79964897 31.35638721
7.138478292961955e+95 -229.72928079160673 0.26060269 25.58308428
7.861872815569208e+95 -229.90459604528814 13.07853712 0.06061378
8.869036274411866e+95 -229.9958566706903 19.33555725 6.4516085
1.0314890389817259e+96 -230.21647892426094 25.61483579 24.96684744
1.1466565491032017e+96 -230.2394630771275 31.39059186 19.35778166
1.5465449026425772e+96 -230.76626523043902 18.96101599 18.36399157
2.0106713300210556e+96 -230.8510501796316 6.76553917 6.40062022
2.3693750052966634e+96 -231.10073256523043 19.331363 18.94461545
2.779584609988951e+96 -231.2032215702649 24.67223074 12.40118955
3.1572150860823956e+96 -231.37100608914002 0.45911962 12.40813299
3.4065110459891727e+96 -231.38211759044535 19.15304991 18.46987161
3.4654095567613336e+96 -231.42476732164022 6.33168439 6.76481449
3.5431974242829677e+96 -231.44674961040675 24.89217296 12.14589449
3.6022464042438753e+96 -231.4776069622778 12.08849129 0.0700168
3.9964440996167123e+96 -231.66574685013623 19.04129056 5.84374338
4.464635401949678e+96 -231.72697190420448 18.50859974 19.18549559
5.042772661426568e+96 -231.92074878847328 12.34928223 12.14498074
6.320995067664824e+96 -232.19001488588447 25.36297619 0.4076218
8.419036377300381e+96 -232.50695079241584 24.71862265 24.93032362
1.1552787099536797e+97 -232.8401568107154 31.27026466 18.42047008
1.3434711020468021e+97 -232.8562458754038 12.57938665 0.45222472
1.3500881989050455e+97 -232.86990213016665 0.32109124 12.24672476
1.5608233571486075e+97 -233.14712794033997 24.76401165 12.81824547
1.7832003274450415e+97 -233.17515121973844 18.80063395 30.97348992
1.9538709253096216e+97 -233.34299583574216 13.00535052 0.04448507
2.164500908612785e+97 -233.4058535973224 18.4683204 6.06271392
2.6963551620906023e+97 -233.77028576155413 5.85582829 6.22587167
3.3885246849171068e+97 -233.91082826255672 12.99169634 0.04597592
3.677573472741267e+97 -233.95827471805927 12.94392581 25.33258666
3.898238967329037e+97 -234.04591555235683 6.61269218 31.14705149
4.2822151193599346e+97 -234.16447406565283 12.85268838 12.87695825
4.957520159150777e+97 -234.35329820201105 12.86014986 25.42979807
5.539624311923948e+97 -234.41438449041982 12.96926894 0.10235508
5.811380131718002e+97 -234.46916429366337 18.74539907 6.6842303
5.95895707188778e+97 -234.48512635088574 18.48273236 19.04209292
5.9741573147438484e+97 -234.4942032039765 24.72138035 12.52352756
6.324186910645682e+97 -234.61526283064413 25.47117172 12.79990159
6.704823796009732e+97 -234.63456388210432 25.49478513 0.19362313
6.869007904807634e+97 -234.68305376226877 6.03057991 18.52720867
7.021175508208098e+97 -234.69881216082302 6.01599639 6.59306238
7.319026749343613e+97 -234.78428410940398 6.58901256 6.55174913
7.67186972777746e+97 -234.81447673205798 18.89234226 6.68650912
8.113606561925265e+97 -234.91390635139155 19.06286604 18.50693528
8.646786493739564e+97 -234.9635230934602 24.76611206 12.73165815
8.841149592897957e+97 -234.97882221868264 0.37234624 12.41557527
9.415677861132106e+97 -235.10539806960907 12.79970699 12.88973172
1.0917858462092349e+98 -235.29024314285604 6.54751748 19.14176671
1.2045834936180074e+98 -235.33007022492586 31.34769886 5.89672596
1.2418452799265214e+98 -235.37104961657218 18.96637141 18.47589124
1.3587235186370017e+98 -235.5244110411754 6.44567668 31.06399591
1.4779679737814915e+98 -235.56466436923677 5.90141011 6.2244071
1.5212599340763933e+98 -235.6021077603933 12.72880207 0.34969666
1.5684126564038716e+98 -235.64549526150384 19.2246728 31.332941
1.6808363936294203e+98 -235.75778342443996 31.04209913 18.92405051
1.8255196910240503e+98 -235.8323047618224 24.82646426 25.35702489
1.9510243635873717e+98 -235.91052268260714 18.5091286 18.6868031
2.2318636093153618e+98 -236.11251626020857 25.27332171 0.34416173
2.5745389756817755e+98 -236.2232116827156 31.05829961 6.37236342
2.7792925963528275e+98 -236.28749764310018 12.29130204 24.88949261
2.88446536715907e+98 -236.31819601849273 31.20287183 5.98522661
2.9103447059527314e+98 -236.32548453594868 25.15413059 24.76772799
2.90090827291877e+98 -236.33160530623388 25.27395574 0.33735853
3.1581785884179273e+98 -236.5076038273985 6.42101697 31.08250748
3.4237045014327973e+98 -236.5206526701453 12.41240551 12.89229957
3.558648616401666e+98 -236.60316106703544 6.24042336 5.92788097
3.832163931413924e+98 -236.68853084761903 5.93784693 6.36763229
4.303672555280642e+98 -236.85041675930202 31.21256685 19.13585096
4.758869994659256e+98 -236.91501605024595 12.90644461 0.07833838
4.872982354206415e+98 -236.91874882084096 12.75522709 24.83907063
5.099183999323715e+98 -237.0229554362516 19.04322706 18.56269224
6.103680463202579e+98 -237.28399816822827 25.44972145 25.25063157
7.189807666500272e+98 -237.3848471746447 6.55086518 31.21391173
7.715872838781551e+98 -237.44671404576567 18.69743428 18.55291377
8.168187783520272e+98 -237.5183565842892 12.89730635 12.56739845
8.6435478267957e+98 -237.58007749177827 25.43385283 0.13318567
8.986948126878333e+98 -237.61679285690843 12.83564388 25.32045327
9.425172145536123e+98 -237.69404490287073 18.52878098 18.90523711
1.0452323123816907e+99 -237.83976196985145 6.49476317 6.0413549
1.1191410025668466e+99 -237.85582922188235 25.16431477 24.81381189
1.1205642646883051e+99 -237.86225870974698 25.07618319 25.44802258
1.2291010841456603e+99 -238.05168448684893 0.30890029 12.62434406
1.36289985706418e+99 -238.09726047771431 25.05993223 25.43700174
1.3951767466796566e+99 -238.11880125690624 6.0288496 18.6681962
1.4352622385199547e+99 -238.17319061845106 25.41236089 12.70141135
1.469045167973171e+99 -238.18593093354224 25.38398683 12.38444363
1.5087865393490427e+99 -238.24562721412892 0.18163552 12.31732473
1.5486880645300417e+99 -238.25888334576555 6.58953659 6.25612829
1.7006395419143372e+99 -238.44419170284365 24.84673414 25.0373066
1.85909418438072e+99 -238.46541393555123 31.35952184 6.57858356
1.876263541668304e+99 -238.48251772400891 6.58169503 6.3143841
1.8794061995754806e+99 -238.48872520668561 18.74996935 18.56653993
1.869282560047184e+99 -238.49162356651155 24.89944159 24.94399799
1.8650007874619857e+99 -238.50400320649686 25.29899741 24.88345425
1.8702985730045057e+99 -238.51719226932025 25.42996254 0.0323034
1.910914005791332e+99 -238.56631140758302 12.50864352 25.42442458
1.9736432536973236e+99 -238.601977123811 6.06012226 6.08806649
2.0524004861500394e+99 -238.66383147514958 24.90432836 24.94725925
2.1075889352308235e+99 -238.6758669750693 0.29093413 25.17214246
2.2900284424822795e+99 -238.8428452531922 6.48380351 31.20923097
2.459622107681548e+99 -238.84561504356014 24.85171751 25.19456699
2.488668793967e+99 -238.88582411419472 6.02160272 6.1664983
2.573535459452966e+99 -238.93244195790174 12.83625496 12.47559911
2.6235444220687383e+99 -238.9447215708948 25.14781575 25.41656256
2.6843085279066114e+99 -238.99747842957663 12.34793582 12.74563234
2.9724195399851784e+99 -239.1624296782072 0.26459725 25.21295805
3.2798937249244823e+99 -239.22020861646368 31.18817252 18.69632703
3.353595979189816e+99 -239.227595535295 18.63821723 31.24113822
3.3460561063796675e+99 -239.2356052287638 24.93983934 24.93819867
3.4749192507414383e+99 -239.3212565027736 12.77720293 24.96280276
3.598467353502575e+99 -239.3272040781605 12.64858003 24.87509418
3.776326742396766e+99 -239.43476269916195 6.50183343 6.43560538
3.9657803122092866e+99 -239.44785443272715 18.63673068 6.12354353
3.952898153404967e+99 -239.44819894691253 6.48034743 6.10455875
3.954653225109308e+99 -239.46853948679637 18.61570789 6.40830788
3.9600399796153333e+99 -239.47092402737135 18.65562005 31.23505956
3.9560985954691344e+99 -239.48639020076203 6.02513 6.340955
4.0082726161422684e+99 -239.51685653470665 24.87582437 25.07518504
4.387980608593916e+99 -239.68082637923308 25.37001001 12.46755138
4.849334817408647e+99 -239.74246632956778 12.812376 25.19819767
4.958572294297723e+99 -239.74622584980838 31.38261333 6.03099012
4.930616554299352e+99 -239.7510570627189 25.21241999 24.89130441
4.931851809146068e+99 -239.76657315217787 18.63671003 31.27784096
5.032578486706153e+99 -239.81096124840954 6.34308603 6.03856273
5.130017757444444e+99 -239.82526846810384 6.10539985 6.4609483
5.117703027665258e+99 -239.8261060890352 6.48814027 6.42870139
5.073686572362157e+99 -239.8278924613871 4.03038451e-03 2.53838495e+01
5.035170097721705e+99 -239.83076472745717 12.78522346 25.00954179
5.010769634835724e+99 -239.83806628613738 6.24190299 31.16859607
5.019290625258268e+99 -239.8540133229671 12.60490356 25.37986776
5.026072722032937e+99 -239.86071986809944 0.09613463 25.36342216
5.078151485379806e+99 -239.89426080634775 0.22655104 25.03045343
5.232781062355218e+99 -239.94036163879815 18.81414048 19.09363176
5.42118133450356e+99 -239.98493774934568 24.92153291 0.12400662
5.499398013826746e+99 -239.98940379863308 18.61218432 6.2239293
5.487651740963492e+99 -240.00053600791435 25.13388876 24.88857716
5.744373991229782e+99 -240.0983838639832 12.5657457 24.89261531
6.184064733584382e+99 -240.16908938784417 0.22374811 25.05393619
6.387908256676185e+99 -240.18433813129437 6.489181 31.29949404
6.389631661308879e+99 -240.18958081922213 0.15140063 12.74797155
6.380854157835438e+99 -240.20146106994247 6.37861593 18.63385028
6.624269609765164e+99 -240.28274187644345 6.07515366 6.38681059
6.848245367371807e+99 -240.28950618163987 6.50015726 18.76714646
6.886727484694111e+99 -240.3137145445395 18.98963651 31.23210419
6.93321976748695e+99 -240.32298847353283 6.1375311 6.10426022
6.910210289242382e+99 -240.32698421950963 6.13773072 6.1043214
7.092065624735526e+99 -240.393732638781 24.93251574 25.24094852
7.463781530777948e+99 -240.44939513765596 6.14980325 18.66815398
7.642639403844681e+99 -240.46173137716158 31.19810343 6.22871337
7.685720866737855e+99 -240.48048820972932 25.3401354 25.04883134
7.68633369053394e+99 -240.48187897309737 31.20261144 6.21599906
7.723221637342239e+99 -240.50977024247416 6.08249976 6.18727009
7.76920352515439e+99 -240.51384209460875 6.43539364 6.44519022
7.712493783793429e+99 -240.51502256185645 12.34441916 25.12399128
7.747300347412337e+99 -240.54255925761754 6.41354903 6.10474876
7.961791063464923e+99 -240.58918835035828 0.21543845 25.17082889
8.099150029845656e+99 -240.59719767899892 6.0829375 6.19586229
8.079690895536357e+99 -240.60428149370244 25.2537069 12.3848074
8.035997733022257e+99 -240.60626499931632 6.46127807 18.97542479
7.982292068437656e+99 -240.61076693611065 19.04309371 6.18317202
8.009152381850291e+99 -240.63276839159877 0.08313431 12.76662344
8.303913443921686e+99 -240.70187872434252 6.45378937 18.72092686
8.568714998876406e+99 -240.71659051979043 18.76666537 6.08705053
8.744637719099606e+99 -240.76196463794776 18.79128053 6.08063025
8.90170767893872e+99 -240.77258255899463 25.29591595 25.26546046
8.937396532496206e+99 -240.78982158707876 25.26091573 25.29847155
8.98205508702621e+99 -240.8024861711967 31.26657928 18.70347291
9.049544101464931e+99 -240.8246113148815 12.58682523 12.77312469
9.08013677933416e+99 -240.82925357404275 25.22032685 25.32095133
9.062199695576964e+99 -240.84053082288645 6.26142128 6.07733376
9.072455249327527e+99 -240.85141848439613 6.47489327 31.33914116
9.09409216164176e+99 -240.86517791394942 6.14863213 19.00540127
9.183707827809868e+99 -240.8908142477229 12.38081859 0.08623574
9.35852728123506e+99 -240.92270249320794 25.18553121 12.37033086
9.493053291297605e+99 -240.939443771466 18.97627483 18.69191233
9.508891871634026e+99 -240.94599658427862 12.5471046 12.767307
9.54037750909408e+99 -240.96586786967845 18.69455576 31.28803114
9.689666097593419e+99 -240.99681043234906 31.31195135 6.1130429
9.754853508035517e+99 -240.99941616490312 6.38235067 31.24309133
9.725931793815955e+99 -241.0107422065664 12.38163558 0.07310187
9.743216859018554e+99 -241.02286343927213 24.93631868 25.10755138
9.840050492737324e+99 -241.05027082637986 18.78513955 18.66373076
9.914100256442206e+99 -241.057931554133 18.67999808 6.38212759
9.986435165947314e+99 -241.08454840393708 18.91726449 31.23313069
1.0075966394795448e+100 -241.09582818574268 31.26690295 18.72472705
1.0038792450096862e+100 -241.09708809664775 18.77790152 19.03015478
1.0009807059983525e+100 -241.109905145944 18.71859699 18.99224455
1.012335021678453e+100 -241.13937144886086 18.91042076 18.66734637
1.0269798796405844e+100 -241.15865544722735 25.24919676 24.98116669
1.0461528655999027e+100 -241.19601056362202 18.92712086 6.11065732
1.0591245113515186e+100 -241.20353705022737 12.38161985 12.60495694
1.0658258100324064e+100 -241.2283855749752 6.39945232 18.99662533
1.078865085756329e+100 -241.24781714510223 12.46301309 24.97757977
1.080650383530517e+100 -241.25168374356647 31.2651557 18.74023856
1.085604423331763e+100 -241.276712611928 25.09016589 24.95286973
1.1064036223403961e+100 -241.30942917337458 24.96604136 25.20847195
1.1193992672732996e+100 -241.3202066119994 18.71673055 18.72434886
1.1179417163596393e+100 -241.3267423311738 25.12887542 24.9506659
1.1108936780278554e+100 -241.32746895143228 6.32689514 31.23916029
1.1004791158769723e+100 -241.32780477294168 25.31455996 12.55702258
1.0945808781114205e+100 -241.3366020641476 0.15959946 25.21942566
1.0926648072597408e+100 -241.34420624611917 12.59480695 0.17892042
1.086738318495241e+100 -241.34563937198243 6.28538991 18.66848789
1.0956439970317999e+100 -241.38013293207402 18.69276545 6.36999948
1.1056678281896355e+100 -241.3840480508905 0.02334149 12.74380583
1.1063692915575224e+100 -241.40123205202755 18.92624271 31.25525063
1.1106230381497217e+100 -241.41167011158325 12.5918677 0.17558182
1.1074625810769196e+100 -241.41545693096643 18.88727269 18.67639959
1.102397640533726e+100 -241.42239441702762 12.55242441 0.17626737
1.1033100475104616e+100 -241.43697113422076 18.67771034 6.24514544
1.1324566521451332e+100 -241.49369297613808 25.20089828 24.97396088
1.154759875547143e+100 -241.49668004134023 6.11876754 6.23064517
1.1590663859826582e+100 -241.52089412952827 6.41682285 6.39025663
1.1722903429438161e+100 -241.5393314018742 18.74088458 6.15223798
1.1800708162539875e+100 -241.55405568681186 25.04805356 25.27932919
1.1983228287326625e+100 -241.58966622538034 18.68643152 6.31969547
1.2118367053799185e+100 -241.59668944914563 0.02693307 12.4018218
1.2068662762814407e+100 -241.6013537770679 31.36232372 6.44079268
1.1980206539834501e+100 -241.60188266812438 24.96671125 25.14419719
1.2381023319490599e+100 -241.68533223603342 31.28073075 6.37135102
1.2770919462340475e+100 -241.6855352647505 18.70392032 31.3463993
1.2690255344969966e+100 -241.69254808130907 6.13700092 18.91689198
1.2886356066054408e+100 -241.73565310467166 31.31025142 18.73171853
1.3182567952352416e+100 -241.75823822818904 25.27494068 12.50020254
1.321414409369937e+100 -241.76046490814008 0.09153309 12.69357243
1.3122163719314243e+100 -241.76416652268966 25.27744486 25.07323616
1.3107619478878142e+100 -241.77810246943238 12.42504557 0.06504932
1.3111826576118423e+100 -241.78474652934568 18.70490243 18.79346591
1.3119019677223663e+100 -241.79905984170077 31.28448705 6.36389548
1.3243092081849564e+100 -241.82337659222966 18.99298213 31.36365794
1.3355723221527691e+100 -241.8360063177138 12.6882331 25.04214647
1.3360031336914603e+100 -241.8439463999226 6.22397371 18.71030875
1.3334230862790253e+100 -241.85204029129318 0.07212533 12.69879048
1.3311948962073987e+100 -241.86050068922995 18.70077887 31.39524448
1.3241937874691925e+100 -241.86141234947598 12.46268264 25.2413822
1.314152598399683e+100 -241.8651744884597 6.16203122 6.37150317
1.305487155859939e+100 -241.86808288407505 6.42708591 6.32449703
1.294548185879699e+100 -241.86824820289792 25.08029001 12.42615224
1.2941189197023447e+100 -241.8872301744468 12.49331291 12.43713778
1.307422392895278e+100 -241.90857992555726 6.31137759 18.70528516
1.313579503856209e+100 -241.91662519880418 6.16080084 6.36367118
1.3151526958272592e+100 -241.9308400950851 25.09165297 24.99316937
1.3311337740729985e+100 -241.960512793551 25.05212303 25.25142342
1.3385711088711107e+100 -241.96210356844304 6.40998257 6.35007341
1.32991176744933e+100 -241.96742678656673 6.34184607 6.41358377
1.3205542233834935e+100 -241.9678890906913 18.95880417 18.75733837
1.3215211801637172e+100 -241.9886833387056 12.51658903 12.69882336
1.333958096129833e+100 -242.0065521332532 12.57757458 12.70615102
1.3352887516947283e+100 -242.0106536712839 12.42753192 12.54885359
1.329088988620332e+100 -242.01713883569573 18.74968729 18.75214926
1.3263671439596949e+100 -242.02644319995423 18.98273207 31.37673773
1.3221264544309326e+100 -242.03065202454005 6.33673188 18.7217961
1.32202662324318e+100 -242.04613732041258 6.20794461 18.73456075
1.3374733855769567e+100 -242.07365616081117 12.4445418 25.07362116
1.3558858328837335e+100 -242.09347448981364 0.13188716 12.58975291
1.358584032478567e+100 -242.09762672788 31.28370398 6.26380547
1.3607133854650338e+100 -242.11642334602183 18.72159615 6.31654682
1.3719814243326683e+100 -242.13403196114754 0.10130991 25.04980583
1.378317520830742e+100 -242.14558331918641 12.47472947 12.65864721
1.379318709429018e+100 -242.1553941598721 31.32819142 6.37816411
1.3728270862241033e+100 -242.15607291227454 18.88491797 31.29162724
1.3644614045656338e+100 -242.16305792949055 18.76312246 18.75418482
1.3571036464704885e+100 -242.1651706191036 6.28827312 18.97798099
1.3509150513987298e+100 -242.1737999341063 6.38714848 6.20872416
1.3511802862655452e+100 -242.18544861013928 25.19318582 25.24439776
1.3532897881480994e+100 -242.19682220220963 25.01010998 25.16196732
1.349403263873261e+100 -242.19962756337733 6.33273784 18.96524173
1.3406325879958899e+100 -242.20367895836984 6.28055814 6.40867927
1.330099035169984e+100 -242.20375596471575 0.12545068 25.12870989
1.3195705565100614e+100 -242.20768166017498 18.86316339 6.15872094
1.3174861759743002e+100 -242.22045799294145 6.23711506 6.39852393
1.314140397789024e+100 -242.22253655662263 25.0116061 0.02662838
1.3099111737435862e+100 -242.2338806958023 18.76040518 6.36812088
1.3102267764101574e+100 -242.2429307256057 25.13970064 12.44418458
1.3041272788392984e+100 -242.24446890413776 6.364379 18.75812563
1.2947815088096276e+100 -242.2484438220953 6.40482856 18.8580156
1.2881556529141197e+100 -242.2541045191037 31.3008038 6.24439336
1.2810411356800084e+100 -242.25727331563684 18.75297086 18.77628169
1.2731945549640764e+100 -242.2617147699043 12.65975744 0.07673847
1.2680079167789483e+100 -242.26900155419008 12.56535357 25.01249064
1.2623792720302792e+100 -242.2727275390851 18.74900217 6.21776385
1.2539540156368697e+100 -242.27551078983882 25.23879132 25.18831593
1.2543546324476903e+100 -242.29319085591115 18.87219182 6.16712412
1.2541887452837698e+100 -242.29522404772416 12.46776818 25.06775885
1.2544138620619537e+100 -242.31336919232353 2.50163620e+01 6.18060607e-03
1.2536829127910614e+100 -242.31404116362117 2.50162963e+01 3.09078165e-03
1.2446860353180653e+100 -242.31885969839942 12.68225526 25.12608426
1.23872897332233e+100 -242.3243451369167 6.25475028 6.39524401
1.2372672500198459e+100 -242.3363703008221 12.54534172 12.67899797
1.2400318968703101e+100 -242.34870786708174 18.87231869 6.17198867
1.238275182247053e+100 -242.3534680048018 6.31050768 6.39292254
1.229122186602119e+100 -242.35377580168048 31.31960481 18.790338
1.2190578783669306e+100 -242.35692238375447 6.17648396 18.81300873
1.210832392588275e+100 -242.36013579967948 25.23863352 12.52836883
1.207583242505349e+100 -242.37141977751492 18.85627063 18.73825702
1.203079976157169e+100 -242.37259569419658 18.89961522 31.31640099
1.1959754535675867e+100 -242.37946342583686 18.74524872 6.2458428
1.19026386808304e+100 -242.3829309192046 0.0190725 12.67518753
1.1845807596790925e+100 -242.38978315966318 12.66260197 25.18575558
1.1789034170119846e+100 -242.39323189793643 18.74313896 18.82354436
1.170416823158473e+100 -242.39523628180382 6.35030922 6.36954515
1.1623288031644672e+100 -242.39926078900012 2.50250247e+01 1.66903672e-02
1.1572519025219863e+100 -242.40637347191586 18.88377358 18.74674305
1.1566304538822665e+100 -242.41806562579805 6.29291982 6.39002217
1.1537619700492342e+100 -242.42133940018573 6.3521067 18.76772403
1.1468314222433904e+100 -242.42591368168772 6.36189445 18.92139552
1.1382257517821327e+100 -242.4261809497469 0.09906808 25.17191868
1.1274893530895977e+100 -242.42685956107746 25.22065352 25.19281134
1.1193670126971486e+100 -242.43161608823138 6.36174281 18.77833924
1.112053764036498e+100 -242.43365521002823 0.09385014 25.18166999
1.1040545525063828e+100 -242.4370764961896 6.20365262 6.3525356
1.0953799934094842e+100 -242.43778261113798 25.12568182 25.23794867
1.0909388342377496e+100 -242.4488214433904 18.82257137 18.74869812
1.0868205207308418e+100 -242.45014897375435 6.34409043 18.76490167
1.0784839070163868e+100 -242.4533196022953 12.57872005 12.66961023
1.0700324736690346e+100 -242.45431736407124 18.84993585 6.38706453
1.0642249090573232e+100 -242.46232000643127 12.56352907 0.10307541
1.0641518193072713e+100 -242.47406220427104 18.74852736 6.29709744
1.0621049851309481e+100 -242.47839984582203 25.22643114 0.03921239
1.0587174360957164e+100 -242.48755747546016 31.34250501 18.91843568
1.0545158890006717e+100 -242.49036665822743 6.383476 18.84517469
1.0481431838094124e+100 -242.49533077685126 25.04786068 0.05268871
1.0404333252129536e+100 -242.49550763851576 18.8120868 6.19059639
1.0308406594571319e+100 -242.49670580417543 18.87904661 6.37848946
1.0214816977787238e+100 -242.49716775482597 6.37364866 18.8915126
1.0116600859080073e+100 -242.49728334157993 12.66330295 12.58971671
1.0035367030522704e+100 -242.50094074107423 0.09654196 25.15615434
1.0011147040345795e+100 -242.51232220236332 18.81504831 6.37512488
1.002407056051464e+100 -242.52342314051046 18.79620821 31.33481742
9.996004048477079e+99 -242.52664340161087 25.2179257 25.17861335
9.951986338313709e+99 -242.53448451452383 0.05604543 12.48849453
9.959096508475559e+99 -242.54794253926192 18.76230315 31.37951717
9.960085095831388e+99 -242.55461783529574 6.35469962 18.91032616
9.93704995697398e+99 -242.5632050583749 12.4736326 25.1386993
9.884400508329059e+99 -242.5639120402378 12.52652892 25.04886398
9.8231116029749e+99 -242.57065473476 18.92664391 6.23271651
9.774095457413815e+99 -242.57381682668242 25.09014646 25.21405857
9.706425379818724e+99 -242.57666089646773 12.48266301 25.16966519
9.658598018556366e+99 -242.5838275275166 12.57563619 25.0425085
9.613081896303907e+99 -242.58712440762085 12.53886099 25.21880046
9.541329109844652e+99 -242.5887461032433 12.63969859 12.61885545
9.490116090350779e+99 -242.59624775815638 18.83997376 6.37201227
9.454568896434815e+99 -242.6011493478536 12.47915225 25.11606377
9.404599015179124e+99 -242.60555102415185 0.07812458 25.17391559
9.33671980239695e+99 -242.6065669254435 0.07626523 12.61066939
9.281503867602008e+99 -242.61357685252378 18.80347198 31.34165425
9.237211887537452e+99 -242.61691011020295 25.05515027 0.03941576
9.163816404235457e+99 -242.61752546438876 25.18037782 0.07275136
9.133826922831857e+99 -242.6302146847224 12.63036117 0.05671218
9.106632521399638e+99 -242.63150242660484 18.86645607 6.36684558
9.033828479101438e+99 -242.63406063359884 25.14018284 0.08472624
8.98032554662671e+99 -242.63951704764276 6.36714227 6.27439831
8.922716364855609e+99 -242.64109669733872 6.33192619 18.78085404
8.852733105642583e+99 -242.64366830268 2.52165448e+01 4.56048507e-03
8.80530355608334e+99 -242.65024416174333 25.05798209 25.16914758
8.755542672808664e+99 -242.6522442375153 18.76760201 18.86211837
8.713832783953182e+99 -242.66057804052429 18.84706203 31.33405406
8.691769320667038e+99 -242.66708125853097 0.07768308 12.58974359
8.646546534078947e+99 -242.67005401352995 25.21191247 25.11680612
8.5769208882683455e+99 -242.67081394847898 12.64286509 12.54076274
8.508182706426363e+99 -242.67385928811018 12.50161205 25.18021469
8.4381916002369065e+99 -242.67419619734147 25.12004391 12.48713166
8.366564208357494e+99 -242.6767089818856 18.85513422 6.20344105
8.309951288003825e+99 -242.6805156860536 12.49729327 25.17203358
8.257439723427536e+99 -242.68393201180677 25.07203391 25.08211722
8.198688165268586e+99 -242.68613721581966 6.26615644 6.36008737
8.140950146298424e+99 -242.6896961969895 31.3415276 18.87401913
8.099741615013648e+99 -242.6958820040671 25.20393714 25.1020399
8.046920144133968e+99 -242.6965208539897 12.61195375 25.07012132
8.034843865856978e+99 -242.71271349772127 25.05831896 12.57818341
8.027667141880552e+99 -242.71469888133157 31.35449724 6.32638157
7.959140760480964e+99 -242.7154691594115 18.85829361 18.77507543
7.885621914110886e+99 -242.7160396919975 18.80593539 6.22227381
7.831592881441538e+99 -242.72161180455205 18.92337347 6.27589337
7.800552817370471e+99 -242.72799529410332 6.34055019 6.23751492
7.750398749585626e+99 -242.7286219320973 12.6317428 25.09971978
7.68705375769334e+99 -242.73148059113018 25.13062083 25.20555967
7.624912468054831e+99 -242.73229099091913 12.49763958 12.59018788
7.554669503867689e+99 -242.73287134599627 12.63899106 12.56877726
7.507098138858975e+99 -242.73954688029772 12.49892253 25.15720538
7.458119640969306e+99 -242.73969180733457 6.24105075 6.34123549
7.413857562226178e+99 -242.74752733631772 12.56500812 12.49574589
7.3784309956383765e+99 -242.7500264989254 0.06042889 12.6022737
7.315669125013294e+99 -242.75034451319164 12.56951212 12.63654281
7.297136361583534e+99 -242.76480190962496 18.91175385 6.25526027
7.285381109826175e+99 -242.76707166186102 12.6276997 0.02902184
7.2366687441669115e+99 -242.77128188718333 18.80003077 6.32865726
7.188146122592537e+99 -242.77352013282496 25.19139254 12.53418238
7.125916610390691e+99 -242.7737939176906 18.78961795 6.25355337
7.057143792706471e+99 -242.77402488544536 25.1968941 12.54765399
7.00248668967659e+99 -242.77814019807914 25.06786512 25.11949093
6.952141633443423e+99 -242.7794981869671 6.22395419 18.82040988
6.890023659547029e+99 -242.78009074925774 12.57129156 25.19848046
6.825762650720044e+99 -242.780657975234 25.19851764 25.12989415
6.770912631654035e+99 -242.78385254923938 12.58835722 0.06154853
6.716468598442449e+99 -242.78441436359398 0.05547302 25.1671421
6.652139870592501e+99 -242.78450544324755 25.10957502 12.62737934
6.597281207550101e+99 -242.7877504707344 18.86476537 6.34613898
6.55020775577405e+99 -242.79008565757033 25.16982942 25.18540082
6.51686580402117e+99 -242.79743257718872 2.92023268e-03 1.25031688e+01
6.485551354185966e+99 -242.8003642221524 6.24507357 6.23325695
6.432740718836913e+99 -242.8009829971725 12.62186413 25.16195594
6.380489231315833e+99 -242.803950956753 31.37048946 18.89209908
6.347619145606342e+99 -242.81054504749932 12.52355238 25.17645245
6.307045101662683e+99 -242.81103737596362 25.12149048 25.07267871
6.253876753865724e+99 -242.8135127846267 18.90622774 6.30494638
6.202161920316814e+99 -242.81433215378695 18.88475922 18.80026197
6.162380422551605e+99 -242.82053441126325 12.58252365 12.62368955
6.120429331121788e+99 -242.82058065409396 12.622672 12.58575226
6.066549385022012e+99 -242.82274935145392 12.56606445 12.50718927
6.015056114951552e+99 -242.82343378542686 25.09959511 25.08384799
5.958643975804981e+99 -242.82380460749596 12.50882005 12.55334584
5.901939353387425e+99 -242.8242105733323 0.04204624 25.17404505
5.845018616153732e+99 -242.82432286530266 18.85375184 6.34195452
5.79147888914547e+99 -242.82570656023702 31.35793449 18.85855667
5.739988044871412e+99 -242.82636279263204 6.31489958 6.23393589
5.68713932581872e+99 -242.82710766983558 18.79489202 18.82885961
5.633001175569909e+99 -242.82713359604162 0.05792266 12.57417075
5.582227325976019e+99 -242.82889853396753 12.50875618 25.14058768
5.532193978719682e+99 -242.82902827013507 25.12223687 12.62353788
5.480224498057913e+99 -242.82992217788893 12.54749688 25.18755555
5.429956446958681e+99 -242.83049914073973 25.0883746 12.52920662
5.378335993068351e+99 -242.8307187472954 12.58063677 0.05604929
5.328206857087961e+99 -242.831671039087 25.10429387 12.51620004
5.285744657165557e+99 -242.8346149740485 6.25468048 6.23363111
5.241593785939765e+99 -242.83479805947246 18.81536467 6.32896216
5.205347349922404e+99 -242.84062879283732 25.0774807 25.12297372
5.170619404431492e+99 -242.84131921144504 18.87730976 18.80092121
5.121869281926678e+99 -242.84158351178849 31.3778767 6.24216522
5.073666300218827e+99 -242.8423082110316 18.83907195 6.22835808
5.037220862239839e+99 -242.84706030194783 12.51208635 25.14141411
5.00377811472219e+99 -242.84889115284915 31.36533022 18.82891863
4.963135577161818e+99 -242.85064995586166 25.12901186 0.05419526
4.92098993116103e+99 -242.8517362968102 12.51766692 12.58998459
4.876457435294754e+99 -242.85236942253073 3.79873506e-03 2.51866172e+01
4.831102877871666e+99 -242.8529484945915 12.51264819 12.56195398
4.785718633834465e+99 -242.85339295395167 2.51865633e+01 7.45196013e-05
4.74048743760282e+99 -242.85385668596086 25.1641461 12.52276396
4.700551007716135e+99 -242.8563716325244 18.84151178 6.23052366
4.660895355107233e+99 -242.85681453674908 6.33318359 6.30133547
4.620050281564326e+99 -242.85866752991407 12.61703722 25.11772429
4.578774980251982e+99 -242.85876785893186 12.59046356 25.08572827
4.534211748280468e+99 -242.8590077047911 18.80052491 31.39638484
4.490898711958452e+99 -242.85947165517547 6.27744154 6.33556553
4.447490801949718e+99 -242.85948288452997 18.8027981 6.25888997
4.405690755106048e+99 -242.8604860378943 18.82644337 31.3687828
4.3733013669114054e+99 -242.86462177519684 12.5383589 25.17621939
4.338993218784955e+99 -242.86463929267583 25.14018469 25.1839188
4.3038968488642365e+99 -242.86827615482494 1.25157983e+01 6.71615619e-03
4.2703838172268604e+99 -242.8689088688081 18.89672567 6.26407416
4.235323684230894e+99 -242.87168707859146 25.15394449 25.08707127
4.199521580688355e+99 -242.87183316180474 18.81271029 31.38164985
4.1612701509404517e+99 -242.8732867033874 18.84068707 6.3324295
4.1271355916968904e+99 -242.87525988354534 18.80411149 31.39593886
4.101891938274338e+99 -242.880909779373 12.52061121 25.11664471
4.072871972571926e+99 -242.88096868337607 25.17278209 25.16010254
4.036718146927015e+99 -242.88297668793743 25.17230976 25.16006443
4.008562263547036e+99 -242.88686780247792 12.60124869 12.5982901
3.978627801378504e+99 -242.88788956796466 6.33020523 18.84751488
3.945344120136526e+99 -242.8899660344717 12.53333027 25.16564164
3.9107062642150833e+99 -242.8901549146545 6.26888478 6.32752263
3.8754286282527853e+99 -242.89174263990134 25.09948282 25.16487947
3.842701518783986e+99 -242.89309448836718 25.1179506 12.60988441
3.807736327654931e+99 -242.89336220672854 0.00639973 0.04545259
3.7715237779884604e+99 -242.89388356423314 6.23929289 18.83651491
3.7362962721793476e+99 -242.89449427165866 18.8039574 18.85185645
3.700727905080998e+99 -242.89465373723613 6.31785112 6.31284563
3.665076835478737e+99 -242.89503444023802 6.32763845 18.83966774
3.6296518312799274e+99 -242.8951292922268 6.87273390e-03 2.51777383e+01
3.593949948304993e+99 -242.89516536862072 12.54611256 12.60712503
3.561250295259109e+99 -242.89674898316747 25.12100973 12.60998659
3.531092110618836e+99 -242.89805725566566 18.82092074 6.2486279
3.498688312340233e+99 -242.89821192173494 12.60482013 25.15582261
3.464346279728173e+99 -242.89822956454248 6.32639181 18.86155267
3.4312503163644947e+99 -242.89891400139194 6.26742715 6.24136554
3.398597845279993e+99 -242.89900680048694 25.10610047 12.53051412
3.3671756848908824e+99 -242.90023702522205 31.38087752 6.31043736
3.336290708701035e+99 -242.900478438613 18.89348683 18.84352748
3.305065140943116e+99 -242.90133063859733 6.31556118 6.25316361
3.2740032083405317e+99 -242.90149382715865 31.37184939 18.85140015
3.242554060348323e+99 -242.90192696126795 12.54941433 0.04062216
3.2113023981820444e+99 -242.9020250871159 18.81233057 18.87300872
3.1804895842046783e+99 -242.90254466961576 0.0436471 12.57088322
3.1508663495261604e+99 -242.90321031430295 18.88267611 6.25463003
3.1211816669025656e+99 -242.90351386483846 25.14055962 12.52341529
3.092051849697964e+99 -242.9043572813248 31.37441861 18.83664366
3.064015510675782e+99 -242.90519735700715 6.29447969 6.32496408
3.0366904971304263e+99 -242.90634170417945 31.41562017 18.80654077
3.0088569002625316e+99 -242.9066822553626 25.1745975 25.14231897
2.9802438763842866e+99 -242.90713213549228 6.26838322 6.24298947
2.952359692870222e+99 -242.9077820852825 6.32443546 6.27221371
2.9244790229089143e+99 -242.90805609703725 12.59994086 12.59263129
2.8978288696926077e+99 -242.90937320803434 18.8427096 18.80779916
2.8714595364414677e+99 -242.90967448736217 31.41218895 6.24110714
2.844053415806915e+99 -242.9100935363465 6.28491298 6.32529557
2.8172707950694203e+99 -242.91065175399805 12.54665253 12.60347142
2.7902258369238754e+99 -242.91070212438447 31.37417988 18.84492421
2.763064420813271e+99 -242.91098804292025 6.31223336 18.8193093
2.7363878181992276e+99 -242.91119954520929 1.25245128e+01 1.52470413e-03
2.7131206768283027e+99 -242.913808569076 25.11876703 0.03882776
2.6937113663232186e+99 -242.91674059778384 6.32199741 18.86132664
2.6710634546787647e+99 -242.9168248940958 25.09334197 12.55683352
2.647116285108234e+99 -242.91862877265402 25.1478647 12.60350428
2.6242278604777394e+99 -242.91935793877164 6.28688639 6.3229282
2.603539287509345e+99 -242.92269693883128 25.11613804 0.03537767
2.583070377827791e+99 -242.92347518931797 31.38305679 18.82878436
2.5585147426573504e+99 -242.92349405423693 25.15687392 0.03048155
2.533796715842201e+99 -242.92395968605484 18.87007261 6.31606949
2.5096255181125236e+99 -242.92422413265575 25.11490218 0.03433424
2.486087140241319e+99 -242.9250132072292 25.10422891 12.54051443
2.4624734538070704e+99 -242.92503748779842 12.58817881 25.16444946
2.438244217774225e+99 -242.9251376337267 18.81161829 18.84325261
2.415045867780476e+99 -242.92581820100364 31.41124415 18.81156091
2.392094570752071e+99 -242.92594059104212 1.18666296e-02 2.51691050e+01
2.3696015995777523e+99 -242.92682360752127 18.81457482 6.2682849
2.3477136875245083e+99 -242.92728162740158 18.86677522 6.31695143
2.3253445885638316e+99 -242.9275768649524 25.09726576 25.14586766
2.305710216671236e+99 -242.93022158392117 18.86938555 18.88094629
2.286647230599231e+99 -242.93087497711284 31.39286788 18.82067752
2.265420735963356e+99 -242.931469951422 18.88326322 6.29794029
2.24473575867258e+99 -242.9324301269129 6.24926292 18.83598431
2.224063353684933e+99 -242.93286689639112 2.51611729e+01 2.27583723e-02
2.2025698988333705e+99 -242.9329087400856 25.16453521 25.11500394
2.1811024228834402e+99 -242.93317880648348 12.59870192 12.58294822
2.1614260911730443e+99 -242.93468442068308 31.40853091 18.88470799
2.1422439238921573e+99 -242.9352511766166 12.57183431 12.6017162
2.1217920589055356e+99 -242.93539955753226 12.53849438 0.02234224
2.1016553698677155e+99 -242.93608025430575 2.33742193e-02 2.51595079e+01
2.0817779755463743e+99 -242.93629436150863 12.56265515 0.03528094
2.0618300942232555e+99 -242.93672419957633 0.02296936 12.53949134
2.0419296103341077e+99 -242.93679759713672 6.30707725 6.25715048
2.0222777656303192e+99 -242.93728327302847 6.28738181 6.24823677
2.0053369800873398e+99 -242.93987190978484 18.84402 18.815538
1.9882944930400424e+99 -242.9401158273006 7.84032556e-03 2.51662312e+01
1.9696209866974424e+99 -242.94090023075347 6.31134239 6.26382689
1.9511581833238953e+99 -242.94118063262965 31.3841626 18.83718378
1.9329047672986369e+99 -242.9420023349081 12.56849458 25.16652375
1.9157080101255414e+99 -242.9432077801811 12.55983452 12.59922234
1.8984559153323246e+99 -242.94381048356874 12.56663355 25.16605752
1.880295394748254e+99 -242.94388455079655 12.54724776 0.02725657
1.86183163427667e+99 -242.94397487145366 25.14048496 0.03235485
1.8435146711875785e+99 -242.94401150261763 12.53660639 25.11790275
1.8254395637206727e+99 -242.94416936301064 31.41232959 6.2501699
1.8078624917125528e+99 -242.94456090971184 1.25340047e+01 6.90439484e-03
1.7904942561107228e+99 -242.94476305055235 25.11009194 12.54232361
1.7732559516334803e+99 -242.94511290096625 6.2956981 18.88001498
1.7562808379354175e+99 -242.94542578933496 18.83707492 18.87992641
1.7400317224804102e+99 -242.94642320135623 25.10942596 12.5436804
1.723869129320663e+99 -242.9466625132762 25.13804648 25.16476548
1.7082073366042716e+99 -242.94806982456953 18.87626728 18.83188071
1.6926374553485618e+99 -242.94825057682436 25.10554636 25.11592528
1.6768265252316499e+99 -242.94920046304563 25.16320768 12.57505126
1.6611114205185242e+99 -242.9493192101497 18.82467597 6.30273561
1.6453048808927014e+99 -242.949978611989 6.29061675 18.88010026
1.6295750958123762e+99 -242.95000717724994 25.10473687 25.11847998
1.6139122008908922e+99 -242.9505629296656 12.5813482 25.16016968
1.5991751551698125e+99 -242.95156126377412 18.85166958 18.81869425
1.5842213928843458e+99 -242.95167400449012 12.54673658 12.54251259
1.5687023048599303e+99 -242.95177326279224 12.57664737 12.53726534
1.5533956517005386e+99 -242.95196377483776 6.27418413 6.25372445
1.538667502265838e+99 -242.95262083727823 18.84348772 18.81957
1.524716038552701e+99 -242.95364709095554 6.3073987 18.83140577
1.5105595622556901e+99 -242.95386567977667 12.54067354 25.11689649
1.4961088075406023e+99 -242.95432262442367 12.56832309 12.59634631
1.4821387503527399e+99 -242.95500335181637 25.15816556 25.11716813
1.4683824435247585e+99 -242.95557386093498 6.25377727 6.27960735
1.4543782256842217e+99 -242.9557382013703 18.82164554 18.83978845
1.4402011647958645e+99 -242.9558831813709 25.15500585 25.15212743
1.4264300181763157e+99 -242.95642285642066 6.2784105 6.31213463
1.4134968106805903e+99 -242.95756720803305 12.59406415 12.57481599
1.4005101578989733e+99 -242.95786367738333 6.25712338 6.29556186
1.386893235046643e+99 -242.95792707905485 18.86485579 6.30762027
1.3733245475814097e+99 -242.95810096126345 2.51041014e+01 2.73281652e-03
1.3599446278365438e+99 -242.9582467566305 6.26237422 6.3029777
1.3466402952939947e+99 -242.95833929877827 25.15952714 25.12246897
1.3335595869087674e+99 -242.95862525568882 18.85514794 18.87759304
1.320635740002594e+99 -242.95876296345153 0.02759279 25.14003982
1.3077312290871012e+99 -242.95888693369625 25.15968371 25.14203028
1.294886838106777e+99 -242.9589227448008 25.16108086 25.12985386
1.2822112312336613e+99 -242.95911319514906 18.86271512 6.30837565
1.2697135981970038e+99 -242.95923391178994 12.59439829 12.56192381
1.2575341883579273e+99 -242.9597366940516 12.57870681 25.15810295
1.2458517276133053e+99 -242.96046771188895 12.58914184 25.11654151
1.2341804487694789e+99 -242.96081292152792 12.59326676 25.12561883
1.2224722832176147e+99 -242.9613045916194 12.57775002 12.59156844
1.2107957059103064e+99 -242.9615185957681 31.39046662 6.27260299
1.1995978729140955e+99 -242.96262224638215 18.8460939 18.82260415
1.188428713663091e+99 -242.9627108224257 6.26723337 6.26122674
1.1771408271135923e+99 -242.96343566749158 18.87599322 6.27834964
1.1662308392430015e+99 -242.9639886857162 6.25655552 18.84805858
1.1558307155259704e+99 -242.9654204451706 25.10702067 25.13738402
1.1452756890065274e+99 -242.96554198577073 12.59245228 25.13207258
1.1344737750459937e+99 -242.96636798930328 1.25891072e+01 1.21422613e-02
1.1237240421898407e+99 -242.96640141409017 2.51545715e+01 1.36809784e-02
1.1129838399953e+99 -242.9670612336577 12.55607864 0.02334023
1.1026664427962212e+99 -242.96767555548973 12.58969105 25.12300923
1.0920903314270047e+99 -242.9676866087245 6.30313083 6.26767674
1.0813777041582637e+99 -242.96786078002927 6.30696663 18.85788315
1.0708393564331577e+99 -242.96800108517394 18.86095158 18.82714469
1.0604858422503447e+99 -242.96833013687032 12.56305828 25.10794915
1.0502746753072281e+99 -242.96855092301615 25.15760537 25.13448219
1.0401078555937522e+99 -242.96877617725391 6.25859217 18.85301783
1.0300578186051264e+99 -242.96903262127924 18.87107199 6.27098674
1.0200235128798935e+99 -242.96909834160016 18.84506889 18.82525964
1.0100517279405631e+99 -242.96928500825604 6.30773289 6.2852275
1.0003107278199021e+99 -242.9696172528802 12.56185022 25.10866307
9.909467734731151e+98 -242.9703752827772 6.27057199 6.30382811
9.817561834286535e+98 -242.97088233164592 25.11542591 25.1161465
9.72310183920916e+98 -242.9709397699347 12.59024337 12.5643321
9.627592144658429e+98 -242.9710399333115 25.15663591 25.13380391
9.535833728833457e+98 -242.97168736209943 2.51128187e+01 1.27433620e-02
9.447121733708015e+98 -242.97224750667206 18.82627679 6.28569752
9.357017865855639e+98 -242.9724211326709 18.82927788 18.83799719
9.265840963683934e+98 -242.97256414634333 31.39281197 6.28595852
9.174897438311405e+98 -242.97259498339764 12.57383225 12.54433223
9.084321868808262e+98 -242.97262248933976 6.29944602 18.83293015
8.995461118728499e+98 -242.97283578165883 0.02292881 12.56966866
8.907540710998161e+98 -242.97287927979167 18.83257477 18.83382715
8.81995829640481e+98 -242.97297434718544 31.4134242 6.30615503
8.733104902571267e+98 -242.97298759142163 0.02309056 12.56702954
8.649138806580884e+98 -242.97355251013593 31.40033681 18.83284024
8.568017091295194e+98 -242.97404141689634 31.41530219 6.30582156
8.486004058528194e+98 -242.9742170181225 18.8269878 6.28320495
8.404071594278184e+98 -242.97453821447277 12.56781382 0.02238063
8.32225659556623e+98 -242.9745519885105 18.87002679 18.84040991
8.241738796297959e+98 -242.97499462152834 12.56678155 12.54414923
8.162453497567153e+98 -242.97511960904436 18.85510886 6.26172242
8.084087713715994e+98 -242.97560093375142 18.84783428 6.26129885
8.009845597676924e+98 -242.97656776483916 6.26776175 6.26818532
7.934492940641137e+98 -242.97659776015686 25.1112557 12.56555783
7.856191846036914e+98 -242.9766335079676 25.15153287 25.14315564
7.77937260935281e+98 -242.97684581569973 12.57554366 25.11342165
7.704743250848761e+98 -242.97725504375956 0.01651397 12.55308163
7.63201163411854e+98 -242.9777770765879 12.55967435 12.54651733
7.559574169427382e+98 -242.97808255682247 31.40101292 18.83504576
7.486413350114956e+98 -242.97822768149342 18.83030183 18.85726122
7.414114265805095e+98 -242.9785745785086 18.83568721 6.29838068
7.342289494871173e+98 -242.97865876650215 9.81268538e-03 2.51507770e+01
7.270341424942188e+98 -242.97878031771717 12.55993632 0.0194364
7.199880683915442e+98 -242.9790818096233 12.54612117 25.13452362
7.129761644274748e+98 -242.97910770135144 31.39570128 18.85146489
7.059780934028814e+98 -242.9792549019951 6.26558967 6.29319497
6.990550385081622e+98 -242.9792989084327 12.5569488 25.15063424
6.921636381696364e+98 -242.9793414056294 1.63512217e-02 2.51208783e+01
6.853654288017335e+98 -242.97945910655395 25.15044704 12.5567649
6.787290739092686e+98 -242.97978178820247 31.39884514 18.8599298
6.721635654539602e+98 -242.97991913246022 12.55294439 0.01471106
6.656235742947223e+98 -242.98012763398 18.83015971 6.27914254
6.5916447080985e+98 -242.98031734146826 6.27916785 18.86886057
6.527543457399639e+98 -242.9804838686266 1.03956954e-02 2.51493981e+01
6.463878811895593e+98 -242.98061579321092 6.27988274 18.83026845
6.400955321566905e+98 -242.9808198749469 6.2677874 18.86146344
6.339106056172969e+98 -242.98109746543156 1.25506956e+01 1.13002370e-02
6.278199251313809e+98 -242.98141140734944 18.8383244 18.83403009
6.218972898770126e+98 -242.98204118934294 12.56916753 12.54774449
6.159480566818507e+98 -242.9820875399167 18.83419289 6.27233086
6.099303192451175e+98 -242.98230600662876 25.11404662 12.56655804
6.039634392123254e+98 -242.98232610365494 0.01509023 12.55535182
5.980663445074177e+98 -242.9825827055586 6.27433622 18.83325399
5.924541397206486e+98 -242.9833701806115 31.41140142 6.30073596
5.868243664524694e+98 -242.983387724211 6.27952684 6.26544352
5.810229200225956e+98 -242.9834001136424 25.13173561 25.15082158
5.754371687875797e+98 -242.98396798558824 1.06486734e-03 1.25486067e+01
5.699235953307203e+98 -242.9840453806715 1.25831968e+01 5.66062108e-03
5.644854169805422e+98 -242.9846930262829 18.86151852 6.29580543
5.590905835898387e+98 -242.9847400588148 25.15010151 25.13298799
5.536190040256833e+98 -242.98492413205227 18.84027918 6.29773686
5.481961694922769e+98 -242.98495365801688 6.27015443 6.2944733
5.427818300870693e+98 -242.98497330701557 6.28677769 6.30003546
5.374158052205098e+98 -242.98498362638807 31.4059799 6.2691249
5.32113655974366e+98 -242.98504396642144 0.01556204 12.55907261
5.2686267137962415e+98 -242.9850499357797 6.26651695 6.28736686
5.216496162518822e+98 -242.98505702873447 9.55552704e-03 1.25520922e+01
5.165605608831386e+98 -242.9853433867009 7.02712373e-03 1.25818671e+01
5.1155489921361525e+98 -242.98548245680806 12.55930277 12.58175962
5.0659922899448056e+98 -242.98577464424218 18.84322096 6.29870536
5.0174035823037924e+98 -242.98610822316869 18.86611331 6.28266948
4.9688104244850216e+98 -242.98621108117783 18.83558995 18.84076193
4.919875133150101e+98 -242.98621426850121 6.29700402 6.27416516
4.8713889206606484e+98 -242.9863036309025 31.40228138 6.2740003
4.8234493077170576e+98 -242.9863353327251 25.13228844 25.11631802
4.776418647529321e+98 -242.98660773957496 18.85410495 18.83394014
4.73000657039406e+98 -242.98670713616488 25.14857584 12.56292858
4.683636118423871e+98 -242.9868047314701 1.25560443e+01 1.24106357e-02
4.637802695103479e+98 -242.98693967638442 0.01597926 12.56474211
4.5924861917152474e+98 -242.9870670625012 6.29914004 6.28222673
4.547611900293314e+98 -242.98720175101118 25.12686829 12.55159493
4.50301311334243e+98 -242.98725675868852 6.27521302 18.83583847
4.4586802879480937e+98 -242.98731455110288 12.57452463 25.14630944
4.415810600887605e+98 -242.9878345457941 18.83510334 18.84394924
4.373488436737773e+98 -242.98795435916531 31.40057244 18.84807399
4.3304586009902715e+98 -242.98796018895786 6.27689837 18.86363798
4.287860953396982e+98 -242.98808411195046 25.14142866 25.14538682
4.2457782220790936e+98 -242.98813512062745 12.56170989 12.5809532
4.2039990639659573e+98 -242.98820697430557 25.14426987 25.12273893
4.162833990341974e+98 -242.9883554974021 6.28752797 18.83502451
4.12193632756268e+98 -242.988361532247 6.28001074 6.26835886
4.0812757677690836e+98 -242.98842934265917 6.29100109 18.86249717
4.041049820177225e+98 -242.98845196893035 18.83542223 18.85488077
4.001115025143258e+98 -242.98846713216537 12.57926185 25.12489062
3.9615977810071134e+98 -242.9885013211662 25.1465506 25.13877791
3.9227315509153655e+98 -242.98864941148867 12.56844002 25.11791112
3.884821431238576e+98 -242.98897952865465 25.12050635 12.57461694
3.847125926193555e+98 -242.9890487746911 18.8349485 6.28146815
3.8097343654275694e+98 -242.98934638842516 6.28445619 6.2976363
3.7726813021688756e+98 -242.98940246385268 25.14719396 25.13206498
3.7355949346415157e+98 -242.98948929480585 2.51346863e+01 1.42772653e-02
3.6991780960645933e+98 -242.98971024822325 12.55223331 12.56452794
3.66302277072327e+98 -242.98974605122783 12.56545822 12.55216783
3.6268726758542906e+98 -242.98977501995887 12.56650035 25.11852988
3.591388918128295e+98 -242.9899832179105 0.01404815 12.56565241
3.5563362517790384e+98 -242.99005940949516 25.11976295 25.12745672
3.5567588349547026e+98 -242.990220849583 18.83716195 6.27689545
3.557334581323174e+98 -242.99038313099538 25.14532036 25.13837439
3.55782077515432e+98 -242.99049418166658 4.53533256e-03 2.51456720e+01
3.558019791055409e+98 -242.99049500611855 25.11979351 25.12825643
3.558381760953723e+98 -242.99069762810535 25.1239901 12.57672303
3.558819792069568e+98 -242.99074119756423 12.56625876 12.55284727
3.5594303908508703e+98 -242.99104072349968 31.40301681 18.85276772
3.5602360503283514e+98 -242.99119385302265 12.57952436 12.56540588
3.560783227436238e+98 -242.9913480822844 12.55692526 25.14177953
3.561112519726344e+98 -242.99137880515906 6.27271979 18.8417603
3.561664881581056e+98 -242.99165825764402 25.14509043 12.562867
3.5622847335045863e+98 -242.99172686186003 12.56724562 12.5536169
3.562421379145368e+98 -242.99173497531123 1.25718396e+01 1.15478536e-02
3.562761180660225e+98 -242.99191761441205 25.12030077 25.13052998
3.563140326527453e+98 -242.99194781031434 12.57660329 25.14011354
3.563339413288471e+98 -242.9920293577767 1.07569123e-02 1.25728310e+01
3.5635237672087604e+98 -242.9920512817367 7.24586211e-03 2.51225181e+01
3.5635659762851425e+98 -242.99205304727195 31.41064915 18.86091941
3.563862774959252e+98 -242.99221784198627 25.14233885 25.14059045
3.564261243837189e+98 -242.99227665698186 6.27980843 6.29506635
3.56446234386452e+98 -242.9923306814115 2.71249752e-04 2.51450466e+01
3.564701101373591e+98 -242.99241061713835 12.56371928 12.5544171
3.565098816350653e+98 -242.9925538061515 31.40914257 18.83950278
3.5653723444469844e+98 -242.992564064046 12.55473516 25.12934986
3.5661057518145476e+98 -242.99296512942078 25.12203553 12.57130525
3.56692485826127e+98 -242.99302343493082 12.5631649 25.14403433
3.5671792780000936e+98 -242.99310777835217 18.84995201 6.27152393
3.567333809589377e+98 -242.99311007560655 18.84054209 18.85696202
3.5675619932555345e+98 -242.99323569984548 6.27503201 6.29137932
3.5679736186077156e+98 -242.99334082350538 1.10036208e-02 1.25631362e+01
3.568271952581052e+98 -242.99340292345306 31.40954787 18.84008875
3.5684186678988864e+98 -242.99342305593774 25.12826726 12.55588727
3.568517159391259e+98 -242.9934581242434 25.12702403 12.57619598
3.5688519049395244e+98 -242.9936106520765 7.61980995e-03 1.25581153e+01
3.5692802623413785e+98 -242.99369816707488 2.51238107e+01 6.68798016e-03
3.569745593947156e+98 -242.99387137203894 18.84943598 6.29418742
3.5701403617920175e+98 -242.993919335989 12.55541502 12.56666781
3.5704040085111817e+98 -242.99401906011096 18.84830933 6.27238765
3.5706901811061065e+98 -242.9940796337744 31.4074414 6.27648086
3.571213701992689e+98 -242.9943122583275 25.139449 25.12453405
3.5719262622954353e+98 -242.9944786583526 12.57658832 12.56853007
3.572240658782486e+98 -242.9944882949809 18.84544705 6.27359408
3.5724175175855234e+98 -242.9945776723422 25.13254418 12.55602315
3.572710094232569e+98 -242.99465208645245 6.27431673 18.84436098
3.572949136271756e+98 -242.99471148389364 6.28753567 18.84030713
3.573459200020599e+98 -242.99493756831765 12.57603082 25.13532584
3.5739957996894813e+98 -242.9950117978049 1.25756825e+01 3.43842164e-03
3.5741301521185937e+98 -242.99501275159884 2.73176018e-03 2.51422834e+01
3.574140404730702e+98 -242.9950175349139 2.51294638e+01 9.36368768e-03
3.5741626814281277e+98 -242.99502521703644 4.46101752e-03 2.51415938e+01
3.5742613186336925e+98 -242.99507272818357 12.57227201 25.12483531
3.574577432227633e+98 -242.99520208891005 25.13682336 12.55753258
3.5749381006962744e+98 -242.99527451729807 31.4068787 18.84616762
3.575290614192511e+98 -242.99539929036914 31.40639366 18.84961377
3.575545729344074e+98 -242.99541722618042 18.8467961 6.2922907
3.575657268227123e+98 -242.99546167883375 18.84098208 6.28720229
3.575778467742901e+98 -242.99548501685064 6.27668719 18.85640868
3.575916311021317e+98 -242.99553877509385 2.51284841e+01 8.36664224e-03
3.576097607514572e+98 -242.99558641305742 1.25736657e+01 5.82787788e-03
3.5762709227396226e+98 -242.9956357025119 1.25676030e+01 9.20273832e-03
3.5764388692065985e+98 -242.99568033363713 12.55721603 25.13150788
3.576712206166008e+98 -242.9957885485021 31.41052636 18.85690631
3.577170005717959e+98 -242.99593630375992 6.29095055 18.85402496
3.5775172865590553e+98 -242.9959827091281 25.123868 12.56715826
3.577976435382047e+98 -242.9961929625089 6.27676111 18.84373088
3.5784076597114125e+98 -242.99622374911294 8.06017219e-03 2.51358439e+01
3.578626135299263e+98 -242.9963150646468 18.84173543 6.28659548
3.5799106821332054e+98 -242.99694142373346 31.41384883 18.84206594
3.5812497371317965e+98 -242.99706311323249 12.55875901 12.56664713
3.581550801920017e+98 -242.99710955375485 6.28681179 6.28981435
3.581789674539103e+98 -242.99719649804157 6.27891192 18.85564824
3.582017412840788e+98 -242.9972367157287 31.41227795 6.2896096
3.5828353103491406e+98 -242.99765307161815 12.56705006 25.13951601
3.583714789443602e+98 -242.99772763771614 12.55967374 25.13254554
3.5839806441788036e+98 -242.99780143438778 18.84377886 6.28001446
3.5843346754202365e+98 -242.9979251886352 6.28568354 18.84366161
3.585216746637063e+98 -242.99829352502948 25.13346445 25.13850189
3.58600200914213e+98 -242.99836322917773 6.28776622 6.27981683
3.586263340830891e+98 -242.99843927048775 31.41165531 18.8531036
3.5865341453969783e+98 -242.99851424676257 18.85116156 6.27801131
3.5866885626834997e+98 -242.99852537948368 6.28672385 6.27911012
3.5870413447852416e+98 -242.99871094595414 12.56285415 25.1291222
3.58752023198353e+98 -242.99879237819096 6.28744285 18.84716266
3.587735501773859e+98 -242.99883095399557 6.28102908 18.84526139
3.5880821271534786e+98 -242.99898559119646 31.4119937 18.8516938
3.588560259765662e+98 -242.99909745061083 4.08966587e-03 1.25653205e+01
3.588878387765351e+98 -242.99916288658426 1.25692917e+01 2.82895401e-03
3.589065063668528e+98 -242.99920147882293 6.50023179e-04 1.25624526e+01
3.5892770511553145e+98 -242.9992810115294 12.56466648 25.12937995
3.5895392446102045e+98 -242.99934757215894 6.28433544 18.85295661
3.5898359979720823e+98 -242.99944634679167 18.84906008 6.28645494
3.590038212175589e+98 -242.99946023067594 2.51351352e+01 2.22054273e-03
3.5901195583062595e+98 -242.99949166377576 25.13403597 25.13563344
3.5905362042686987e+98 -242.99969231440286 2.51316651e+01 2.21802473e-03
3.590936592545651e+98 -242.9997146855066 25.13504938 25.13218599
3.591051383825082e+98 -242.9997562469681 25.13211123 25.13484313
3.5911894334058654e+98 -242.9997915694762 6.28363772 18.85153392
3.5915040086356096e+98 -242.99993142749702 12.56682419 25.13166941
3.5918294710733446e+98 -242.99997280591856 12.56660006 25.13204515
