1 375294.01069267583 0.1919538716265869 0.021338704379878514 0.5265897061517959 -0.011418057132989101
1 18466.524987519806 0.444365431912701 0.02157338940399239 0.7932631991769281 -0.12087361978786715
1 18466.524987519806 0.444365431912701 0.02157338940399239 0.7932631991769281 -0.12087361978786715
1 1934692.4298653598 0.30829253281926067 0.02182416089485042 0.6221085802701296 -0.15809859384570246
1 15212.015881785173 0.4313724648563569 0.022892859222738392 0.7221864925953941 -0.06510654450320849
1 142686.79983929993 0.49528550778646785 0.02332495840882168 0.8920560816901345 -0.05204987213226239
1 319577.32600058615 0.3814120463738056 0.023383497437114556 0.9353077406229072 -0.1931971842159862
1 1214754.077137521 0.14919827991831353 0.022946328419379543 0.8856582740066961 -0.1987002480643878
1 23119.015571137854 0.41308259366390954 0.02468327293856247 0.7888212311479561 -0.07817379886660236
1 752411.6760690226 0.42937770281938675 0.022294259262936995 0.5589280998988315 -0.15067449846120332
1 2119191.6221464537 0.27858225800204023 0.022290572543298876 0.6221085802701296 -0.15809859384570246
1 260686.78486267827 0.4810827305651294 0.021828233274224187 0.5589280998988315 -0.15067449846120332
1 3375268.851337648 0.2933972537893611 0.024343925707309765 0.5131511062438487 -0.0895918737453546
1 157851.7196939203 0.19032032897765983 0.021338704379878514 0.6094544661123245 -0.011418057132989101
1 6949375.188703783 0.062114273043965613 0.024454707053232234 0.5363653919908599 -0.02879380180243135
1 57601.690046265416 0.4720232558929176 0.02145930329331355 0.6180421935093637 -0.07599791521567785
1 2029530.0073697474 0.10312444266625669 0.023344976578717265 0.8201134189373036 -0.0845295709486476
1 64798.560500469845 0.46890580445413305 0.02436132560086599 0.8842925233752226 -0.07817379886660236
1 2202423.0619307877 0.33774205930604767 0.020125053776113334 0.5650175910214715 -0.15535785237023547
2 8962.014219320066 0.444365431912701 0.021461753954417063 0.7932631991769281 -0.08397712741379987
2 1559043.2870903015 0.3757813418988885 0.021570954406729844 0.6180421935093637 -0.11290609881746401
2 2029530.0073697474 0.10312444266625669 0.023344976578717265 0.8201134189373036 -0.0845295709486476
2 1298550.7454897026 0.2043423050335741 0.02157338940399239 0.7932631991769281 -0.12087361978786715
2 18466.524987519806 0.444365431912701 0.02157338940399239 0.7932631991769281 -0.12087361978786715
2 18466.524987519806 0.444365431912701 0.02157338940399239 0.7932631991769281 -0.12087361978786715
2 11466.83406352827 0.49528550778646785 0.023199998799270465 0.7341698462647878 -0.06307714980202508
2 1214754.077137521 0.14919827991831353 0.022946328419379543 0.8856582740066961 -0.1987002480643878
2 3634849.9079128285 0.11598177229568489 0.02182416089485042 0.6221085802701296 -0.15809859384570246
2 478432.8053126331 0.35386350479592843 0.022946328419379543 0.8856582740066961 -0.1987002480643878
2 42431.048577734015 0.49528550778646785 0.024456520356878123 0.7341698462647878 -0.02599958117464543
2 11466.83406352827 0.49528550778646785 0.023199998799270465 0.7341698462647878 -0.06307714980202508
2 1602668.537512893 0.12760258584284911 0.021285216001705597 0.8312414561329414 -0.1223341868963101
2 201742.32443026916 0.16681729210043825 0.023413333774503626 0.5972081664336194 -0.004741975805956117
2 1240477.1946806004 0.2475824220505794 0.02468327293856247 0.7888212311479561 -0.1899341131326362
2 25918.559782656266 0.3854738705001325 0.023383497437114556 0.9353077406229072 -0.06438971998498977
2 18470.777258089678 0.41868049291550036 0.02468327293856247 0.7888212311479561 -0.07817379886660236
2 42764.418343806006 0.42576281715326075 0.02479207779534916 0.7221864925953941 -0.07717078128181737
2 752411.6760690226 0.42937770281938675 0.022294259262936995 0.5589280998988315 -0.15067449846120332
3 11682.468816240742 0.49528550778646785 0.023423674944112686 0.7341698462647878 -0.06190248402426626
3 39922.34628065623 0.49528550778646785 0.024205185017764357 0.7341698462647878 -0.027884087462033552
3 1298550.7454897026 0.2043423050335741 0.02157338940399239 0.7932631991769281 -0.12087361978786715
3 11466.83406352827 0.49528550778646785 0.023199998799270465 0.7341698462647878 -0.06307714980202508
3 28200.005357747315 0.3757813418988885 0.021570954406729844 0.8755539656105268 -0.07569285405817797
3 1127991.6019945124 0.444365431912701 0.021461753954417063 0.4306933303786793 -0.12122003937142153
3 6797.467900535456 0.37995586488755073 0.02468327293856247 0.7888212311479561 -0.03456146312540412
3 14663.768515903072 0.49528550778646785 0.023199998799270465 0.7341698462647878 -0.05514799003426965
3 201742.32443026916 0.16681729210043825 0.023413333774503626 0.5972081664336194 -0.004741975805956117
3 11466.83406352827 0.49528550778646785 0.023199998799270465 0.7341698462647878 -0.06307714980202508
3 16886.50808471904 0.436220511356051 0.024456520356878123 0.7341698462647878 -0.02599958117464543
3 15699.726979133022 0.4731494396734845 0.02468327293856247 0.7888212311479561 -0.07817379886660236
3 201742.32443026916 0.16681729210043825 0.023413333774503626 0.5972081664336194 -0.004741975805956117
3 42431.048577734015 0.49528550778646785 0.024456520356878123 0.7341698462647878 -0.02599958117464543
3 26680.236782748478 0.42576281715326075 0.02479207779534916 0.7218104349372774 -0.06649412552431885
3 9089.665366729549 0.49528550778646785 0.023199998799270465 0.734545598169696 -0.07376032505291275
3 202216.19703503427 0.16681729210043825 0.02345866164852753 0.5972081664336194 -0.004741975805956117
3 11501.829274773207 0.49528550778646785 0.02315432859514277 0.7341698462647878 -0.06307714980202508
3 478432.8053126331 0.35386350479592843 0.022946328419379543 0.8856582740066961 -0.1987002480643878
4 23287.139698107938 0.4897100688005123 0.021461753954417063 0.7847856139489016 -0.08397712741379987
4 6052.156858050948 0.44507050214823396 0.02315432859514277 0.742599506855945 -0.06307714980202508
4 201742.32443026916 0.16681729210043825 0.023413333774503626 0.5972081664336194 -0.004741975805956117
4 11682.468816240742 0.49528550778646785 0.023423674944112686 0.7341698462647878 -0.06190248402426626
4 42431.048577734015 0.49528550778646785 0.024456520356878123 0.7341698462647878 -0.02599958117464543
4 26680.236782748478 0.42576281715326075 0.02479207779534916 0.7218104349372774 -0.06649412552431885
4 39922.34628065623 0.49528550778646785 0.024205185017764357 0.7341698462647878 -0.027884087462033552
4 201742.32443026916 0.16681729210043825 0.023413333774503626 0.5972081664336194 -0.004741975805956117
4 34513.53078709894 0.3775060026129972 0.02468327293856247 0.7888212311479561 -0.018666902069172764
4 4803.3231608468805 0.4377943841385805 0.024456520356878123 0.7341698462647878 -0.04276093308603818
4 16886.50808471904 0.436220511356051 0.024456520356878123 0.7341698462647878 -0.02599958117464543
4 42431.048577734015 0.49528550778646785 0.024456520356878123 0.7341698462647878 -0.02599958117464543
4 3405846.3702973817 0.16681729210043825 0.023413333774503626 0.5972081664336194 -0.07448915140397588
4 76449.6517704614 0.49528550778646785 0.023199998799270465 0.734545598169696 -0.01135004498174727
4 17164.882546295026 0.49528550778646785 0.02319809305626551 0.7341698462647878 -0.050676537678041145
4 10241.177108791626 0.49528550778646785 0.023156233787277426 0.7341698462647878 -0.06761242781368917
4 14940.411369720858 0.4510040679119725 0.024205185017764357 0.722528438012253 -0.027884087462033552
4 11682.468816240742 0.49528550778646785 0.023423674944112686 0.7341698462647878 -0.06190248402426626
4 28499.956974975907 0.37995586488755073 0.02468327293856247 0.8488912579514406 -0.03456146312540412
5 12282.80700215444 0.4972308740485254 0.023423674944112686 0.7341698462647878 -0.06190248402426626
5 42431.048577734015 0.49528550778646785 0.024456520356878123 0.7341698462647878 -0.02599958117464543
5 11605.228700070053 0.49528550778646785 0.023529186780123227 0.7341698462647878 -0.06190248402426626
5 17314.787434719547 0.49528550778646785 0.02309140045780353 0.7341698462647878 -0.050676537678041145
5 81569.97129361634 0.42546039083048026 0.024456520356878123 0.8066289863455867 -0.017553452255310742
5 21631.279617553548 0.3893782962021821 0.02468327293856247 0.7159821807002125 -0.044677811766871633
5 11682.468816240742 0.49528550778646785 0.023423674944112686 0.7341698462647878 -0.06190248402426626
5 11682.468816240742 0.49528550778646785 0.023423674944112686 0.7341698462647878 -0.06190248402426626
5 11682.468816240742 0.49528550778646785 0.023423674944112686 0.7341698462647878 -0.06190248402426626
5 39922.34628065623 0.49528550778646785 0.024205185017764357 0.7341698462647878 -0.027884087462033552
5 6641.717340866257 0.49528550778646785 0.024195272426900595 0.7173478071523707 -0.07040741700553102
5 1399.2656809307755 0.3552730036060135 0.023146935978763487 0.7393480293521764 -0.026395445966166525
5 4803.3231608468805 0.4377943841385805 0.024456520356878123 0.7341698462647878 -0.04276093308603818
5 11682.468816240742 0.49528550778646785 0.023423674944112686 0.7341698462647878 -0.06190248402426626
5 37185.0926399222 0.4067187739831397 0.024456520356878123 0.7341698462647878 -0.0036578153157446613
5 26680.236782748478 0.42576281715326075 0.02479207779534916 0.7218104349372774 -0.06649412552431885
5 20532.893851779398 0.4927823680115946 0.024127943107559266 0.7341698462647878 -0.04276093308603818
5 10648.664346828571 0.43173935433449717 0.02374086273283942 0.7341698462647878 -0.06190248402426626
5 6052.156858050948 0.44507050214823396 0.02315432859514277 0.742599506855945 -0.06307714980202508
6 38966.21922290813 0.39357194985046945 0.02315432859514277 0.742599506855945 -0.06355470938836413
6 4244.11262992794 0.44023102441182377 0.02468327293856247 0.7159821807002125 -0.044273490962912415
6 11638.202366879672 0.4927823680115946 0.022363543289042144 0.7341698462647878 -0.06241662964063405
6 21057.636621857306 0.49528550778646785 0.024736959595843176 0.7341698462647878 -0.042335793264131005
6 6508.762936142891 0.44507050214823396 0.02315432859514277 0.7363418353456754 -0.06326994684286524
6 13855.258156381176 0.49528550778646785 0.023423674944112686 0.7404274644457965 -0.06170972154883747
6 13356.61023756234 0.49528550778646785 0.023529186780123227 0.7394918430336223 -0.06190248402426626
6 1412.96419001677 0.3552730036060135 0.023146935978763487 0.7340260010034678 -0.026395445966166525
6 10376.219302648671 0.49528550778646785 0.024195272426900595 0.7387260356672951 -0.07040741700553102
6 9438.892288646673 0.49528550778646785 0.02309140045780353 0.7127882807417483 -0.050676537678041145
6 6682.223834351849 0.49528550778646785 0.02426334473450395 0.7173478071523707 -0.06951738184660353
6 27625.029120535208 0.42576281715326075 0.024703283232748896 0.7218104349372774 -0.06738431959869964
6 7981.833338868805 0.4377943841385805 0.024456520356878123 0.7341698462647878 -0.035182168974126266
6 27886.858555669533 0.4067187739831397 0.024456520356878123 0.7341698462647878 -0.013562900838870517
6 6641.717340866257 0.49528550778646785 0.024195272426900595 0.7173478071523707 -0.07040741700553102
6 6641.717340866257 0.49528550778646785 0.024195272426900595 0.7173478071523707 -0.07040741700553102
6 4803.3231608468805 0.4377943841385805 0.024456520356878123 0.7341698462647878 -0.04276093308603818
6 12282.80700215444 0.4972308740485254 0.023423674944112686 0.7341698462647878 -0.06190248402426626
6 10648.664346828571 0.43173935433449717 0.02374086273283942 0.7341698462647878 -0.06190248402426626
7 6511.556147968102 0.49528550778646785 0.02185692728079616 0.7173478071523707 -0.07040741700553102
7 4244.11262992794 0.44023102441182377 0.02468327293856247 0.7159821807002125 -0.044273490962912415
7 1383.5040093282732 0.3552730036060135 0.023146935978763487 0.7363222108458649 -0.026395445966166525
7 1381.656509572113 0.3552730036060135 0.023146935978763487 0.7370518158922967 -0.026395445966166525
7 17093.9099751485 0.4745684799222055 0.023146935978763487 0.7340260010034678 -0.039999226567991875
7 3458.64091901505 0.36005356649292497 0.024736959595843176 0.7341698462647878 -0.02880506467878402
7 6924.05705106183 0.49528550778646785 0.024856082301713073 0.7173478071523707 -0.07040741700553102
7 8841.22174008578 0.49528550778646785 0.02400742627094007 0.7127882807417483 -0.050676537678041145
7 4244.11262992794 0.44023102441182377 0.02468327293856247 0.7159821807002125 -0.044273490962912415
7 4244.11262992794 0.44023102441182377 0.02468327293856247 0.7159821807002125 -0.044273490962912415
7 6614.025890291993 0.49528550778646785 0.024657176097612685 0.7127882807417483 -0.07215592165953727
7 4074.2978927340505 0.42576281715326075 0.02300357048066532 0.7218104349372774 -0.046113602131265224
7 1412.96419001677 0.3552730036060135 0.023146935978763487 0.7340260010034678 -0.026395445966166525
7 4803.3231608468805 0.4377943841385805 0.024456520356878123 0.7341698462647878 -0.04276093308603818
7 10648.664346828571 0.43173935433449717 0.02374086273283942 0.7341698462647878 -0.06190248402426626
7 13855.258156381176 0.49528550778646785 0.023423674944112686 0.7404274644457965 -0.06170972154883747
7 3050411.1307599368 0.07857204803372164 0.023146935978763487 0.7393480293521764 -0.026395445966166525
7 23670.115093345463 0.4423683552813461 0.023146935978763487 0.7393480293521764 -0.026395445966166525
7 20817.128935973986 0.3552730036060135 0.023146935978763487 0.7340260010034678 -0.006290183392154591
8 1412.96419001677 0.3552730036060135 0.023146935978763487 0.7340260010034678 -0.026395445966166525
8 4074.2978927340505 0.42576281715326075 0.02300357048066532 0.7218104349372774 -0.046113602131265224
8 11913.749197903075 0.4377943841385805 0.024456520356878123 0.7341698462647878 -0.030572668984794077
8 17093.9099751485 0.4745684799222055 0.023146935978763487 0.7340260010034678 -0.039999226567991875
8 1381.656509572113 0.3552730036060135 0.023146935978763487 0.7370518158922967 -0.026395445966166525
8 1399.2656809307755 0.3552730036060135 0.023146935978763487 0.7393480293521764 -0.026395445966166525
8 6396.797104278148 0.44023102441182377 0.02468327293856247 0.7159821807002125 -0.050338542748261106
8 2852.713134338485 0.42576281715326075 0.02300357048066532 0.7218104349372774 -0.04007830216890915
8 7518.409153907828 0.49528550778646785 0.024921646126935572 0.7115635275923291 -0.053402720428415484
8 6801.897632253833 0.49528550778646785 0.023622662243188878 0.7185725222339461 -0.06772010697032349
8 4401.676817837425 0.4027539977688221 0.023154729626986677 0.7207471938283218 -0.026395445966166525
8 17254.897741302037 0.3779856235688454 0.022995752354358565 0.7381141618307427 -0.046113602131265224
8 3045.2991236441794 0.4304251324084509 0.02300357048066532 0.7218104349372774 -0.04083164577054299
8 7449.327517993518 0.348987467621484 0.023146935978763487 0.7340260010034678 -0.03175874446761823
8 986860.6289513302 0.3552730036060135 0.023146935978763487 0.7365037448345111 -0.14033199194531512
8 1381.7793483771452 0.3552730036060135 0.023146935978763487 0.7368702818694965 -0.026395445966166525
8 1399.2656809307755 0.3552730036060135 0.023146935978763487 0.7393480293521764 -0.026395445966166525
8 4244.11262992794 0.44023102441182377 0.02468327293856247 0.7159821807002125 -0.044273490962912415
8 6717.589334778839 0.4995890388121497 0.024657176097612685 0.7127882807417483 -0.07215592165953727
9 23921.359840589124 0.3717939595597924 0.02317574633319033 0.735722334426159 -0.046113602131265224
9 6074.202447622893 0.4087993223806084 0.023270524332115187 0.7231395102180902 -0.026395445966166525
9 6801.897632253833 0.49528550778646785 0.023622662243188878 0.7185725222339461 -0.06772010697032349
9 6717.589334778839 0.4995890388121497 0.024657176097612685 0.7127882807417483 -0.07215592165953727
9 1381.7590790480128 0.3552730036060135 0.023146935978763487 0.7368866902049258 -0.026395445966166525
9 1410.0578796250338 0.3552730036060135 0.023177075665680898 0.7395131509485924 -0.026395445966166525
9 4067.1730090739065 0.4397790059627902 0.02300357048066532 0.72159841412134 -0.04007830216890915
9 5695.413856267981 0.42619559110078964 0.02468327293856247 0.7161941853276137 -0.044273490962912415
9 12371.130608532903 0.4745684799222055 0.023236982396435714 0.7316488708856304 -0.04482234347020114
9 1222094.0873024235 0.33224639746162393 0.024488703498143326 0.7151645947258238 -0.06753558309286739
9 2855.4714319765358 0.42576281715326075 0.0230127530941968 0.7218104349372774 -0.04007830216890915
9 1378.4526329639282 0.3552730036060135 0.023137740177679784 0.7370518158922967 -0.026395445966166525
9 1381.656509572113 0.3552730036060135 0.023146935978763487 0.7370518158922967 -0.026395445966166525
9 1381.656509572113 0.3552730036060135 0.023146935978763487 0.7370518158922967 -0.026395445966166525
9 1552.959460842746 0.3552730036060135 0.023146935978763487 0.7299868369135518 -0.026395445966166525
9 1515.3972029915408 0.3552730036060135 0.023146935978763487 0.7433864175770333 -0.026395445966166525
9 3656.3771118857335 0.4027539977688221 0.023152703060188826 0.7168582714507239 -0.026395445966166525
9 1384.755744821279 0.3552730036060135 0.023148962544200114 0.7379129947955434 -0.026395445966166525
9 3382.629597105496 0.3313190979290507 0.023146935978763487 0.7370518158922967 -0.02603335623301553
10 7077.739319410153 0.40484734796327443 0.023146935978763487 0.7299868369135518 -0.026395445966166525
10 1552.959460842746 0.3552730036060135 0.023146935978763487 0.7299868369135518 -0.026395445966166525
10 24028.640867957485 0.484183865604128 0.023636265244878694 0.7108734808331143 -0.026395445966166525
10 452854.0551530968 0.3449861357661533 0.023122750700447014 0.7447421892140487 -0.06772010697032349
10 62725.85994867045 0.4879202671227703 0.023146935978763487 0.7370518158922967 -0.01740138612261813
10 1381.656509572113 0.3552730036060135 0.023146935978763487 0.7370518158922967 -0.026395445966166525
10 1382.4754001573021 0.3552730036060135 0.02314927709992913 0.7370518158922967 -0.026395445966166525
10 1384.0047007066541 0.3552730036060135 0.0231466214228763 0.7379129947955434 -0.026395445966166525
10 6639.513522881309 0.32777569352636193 0.023146935978763487 0.7299868369135518 -0.026437405945075987
10 1310.0336709132391 0.35877831977989477 0.023146935978763487 0.7370518158922967 -0.02599140154089427
10 1583.9231231686126 0.3552730036060135 0.023146935978763487 0.7448499433800096 -0.026395445966166525
10 2195.523750172266 0.3814584056711306 0.023146935978763487 0.7261295262308012 -0.026395445966166525
10 1381.7590790480128 0.3552730036060135 0.023146935978763487 0.7368866902049258 -0.026395445966166525
10 1552.959460842746 0.3552730036060135 0.023146935978763487 0.7299868369135518 -0.026395445966166525
10 2855.4714319765358 0.42576281715326075 0.0230127530941968 0.7218104349372774 -0.04007830216890915
10 637517.3267907139 0.1866208763426198 0.023177075665680898 0.7395131509485924 -0.026395445966166525
10 5695.413856267981 0.42619559110078964 0.02468327293856247 0.7161941853276137 -0.044273490962912415
10 1552.959460842746 0.3552730036060135 0.023146935978763487 0.7299868369135518 -0.026395445966166525
10 3656.3771118857335 0.4027539977688221 0.023152703060188826 0.7168582714507239 -0.026395445966166525
11 271246.2932971848 0.21084629165562663 0.0246950624476373 0.7379129947955434 -0.026395445966166525
11 1381.7590790480128 0.3552730036060135 0.023146935978763487 0.7368866902049258 -0.026395445966166525
11 1235.1418357335842 0.3552730036060135 0.022486136108958804 0.7382156578876589 -0.026395445966166525
11 1568.6043153388005 0.3552730036060135 0.023146924425245553 0.7445472196259197 -0.026395445966166525
11 1583.9231231686126 0.3552730036060135 0.023146935978763487 0.7448499433800096 -0.026395445966166525
11 62725.85994867045 0.4879202671227703 0.023146935978763487 0.7370518158922967 -0.01740138612261813
11 1310.0336709132391 0.35877831977989477 0.023146935978763487 0.7370518158922967 -0.02599140154089427
11 62725.85994867045 0.4879202671227703 0.023146935978763487 0.7370518158922967 -0.01740138612261813
11 37962.54459008503 0.34942050902108823 0.023063984308812725 0.7190075590975611 -0.04007830216890915
11 19006.48159237657 0.43005817100225363 0.023086507157108808 0.7398528472435923 -0.026395445966166525
11 7077.739319410153 0.40484734796327443 0.023146935978763487 0.7299868369135518 -0.026395445966166525
11 1382.4754001573021 0.3552730036060135 0.02314927709992913 0.7370518158922967 -0.026395445966166525
11 1552.959460842746 0.3552730036060135 0.023146935978763487 0.7299868369135518 -0.026395445966166525
11 1378.4526329639282 0.3552730036060135 0.023137740177679784 0.7370518158922967 -0.026395445966166525
11 1552.959460842746 0.3552730036060135 0.023146935978763487 0.7299868369135518 -0.026395445966166525
11 1310.0336709132391 0.35877831977989477 0.023146935978763487 0.7370518158922967 -0.02599140154089427
11 1319.4767962876126 0.35877831977989477 0.023146935978763487 0.7370518158922967 -0.025891482556852197
11 1394.1002423678124 0.3552730036060135 0.0231466214228763 0.7379129947955434 -0.026495380168865434
11 1378.4526329639282 0.3552730036060135 0.023137740177679784 0.7370518158922967 -0.026395445966166525
12 1176.5873541877813 0.3552730036060135 0.022329258235335315 0.736973250406457 -0.026395445966166525
12 1437.541148615686 0.3552730036060135 0.023302404452241656 0.7382942228661851 -0.026395445966166525
12 1276.4088192161107 0.35770013442088683 0.023146935978763487 0.7370518158922967 -0.025891482556852197
12 1647.410015323404 0.3563511691199915 0.023146935978763487 0.7448499433800096 -0.026395445966166525
12 1310.0336709132391 0.35877831977989477 0.023146935978763487 0.7370518158922967 -0.02599140154089427
12 2242.7262589460747 0.3552730036060135 0.024757411147914722 0.7368866902049258 -0.026395445966166525
12 44949.50882606214 0.48475175038854434 0.022486136108958804 0.7382156578876589 -0.026395445966166525
12 4206.404226940552 0.3552730036060135 0.02314927709992913 0.7370518158922967 -0.02016052857568079
12 1234.7419627587506 0.3552730036060135 0.023137740177679784 0.7370518158922967 -0.02630681029034776
12 1303.2130668456234 0.35877831977989477 0.023146935978763487 0.7370518158922967 -0.026080038864652655
12 1552.959460842746 0.3552730036060135 0.023146935978763487 0.7299868369135518 -0.026395445966166525
12 2237.589629595444 0.3552730036060135 0.024762540546849114 0.7370518158922967 -0.026395445966166525
12 101299.49075435572 0.3552730036060135 0.02124004546668454 0.9272194867544725 -0.026395445966166525
12 1903.7110780219202 0.3552730036060135 0.024246529218351718 0.7370553055427385 -0.026395445966166525
12 1291.0639332436103 0.35877831977989477 0.023146935978763487 0.7370518158922967 -0.026368324456404274
12 1261.448696802696 0.3552730036060135 0.023146935978763487 0.7299868369135518 -0.025918609170919316
12 18022.06642948256 0.34969881988953677 0.023138472020091283 0.7447669612264685 -0.012040853260627565
12 2513.221529577368 0.35499449472434097 0.023072434230466832 0.7187850866370389 -0.026395445966166525
12 1310.0336709132391 0.35877831977989477 0.023146935978763487 0.7370518158922967 -0.02599140154089427
13 978711.5617531447 0.3589455262887883 0.023068002735822535 0.7370518158922967 -0.15744477013129088
13 1994.7807645048408 0.35510571801830293 0.024694292728914154 0.7370518158922967 -0.02621925954398166
13 1595.1275152788821 0.3552528548602481 0.023097770178933774 0.7286407258903376 -0.026395445966166525
13 2389.5756992807655 0.3550146434487939 0.023121599300917665 0.7201310754788556 -0.026395445966166525
13 1291.8212933112802 0.35877831977989477 0.023146935978763487 0.7370518158922967 -0.026324042548410587
13 1239.573293831402 0.3552730036060135 0.023137740177679784 0.7370518158922967 -0.026351092202846566
13 1291.0639332436103 0.35877831977989477 0.023146935978763487 0.7370518158922967 -0.026368324456404274
13 3171.301944996652 0.35877831977989477 0.023146935978763487 0.7077541558158382 -0.02599140154089427
13 1175.7545438952397 0.3560842215728714 0.022909746354693197 0.7370518158922967 -0.026080038864652655
13 1365.1154629244695 0.35796707411383294 0.022723110611290554 0.7382156578876589 -0.026395445966166525
13 1810.4346615381637 0.3552730036060135 0.024246529218351718 0.7430547457963105 -0.026395445966166525
13 1973.2231785874724 0.3552730036060135 0.023146935978763487 0.723985341053843 -0.026395445966166525
13 1310.0336709132391 0.35877831977989477 0.023146935978763487 0.7370518158922967 -0.02599140154089427
13 2242.7262589460747 0.3552730036060135 0.024757411147914722 0.7368866902049258 -0.026395445966166525
13 1261.448696802696 0.3552730036060135 0.023146935978763487 0.7299868369135518 -0.025918609170919316
13 1261.448696802696 0.3552730036060135 0.023146935978763487 0.7299868369135518 -0.025918609170919316
13 829.1381614158998 0.3552730036060135 0.02187136776939216 0.7299868369135518 -0.025918609170919316
13 1559.4501961378553 0.3552730036060135 0.023587215587497927 0.736973250406457 -0.026395445966166525
13 18022.06642948256 0.34969881988953677 0.023138472020091283 0.7447669612264685 -0.012040853260627565
14 1559.4501961378553 0.3552730036060135 0.023587215587497927 0.736973250406457 -0.026395445966166525
14 3238.1924260514356 0.3552730036060135 0.023587215587497927 0.736973250406457 -0.020847634284129113
14 1171.8841128859578 0.3560842215728714 0.022990566716940868 0.7359298000247745 -0.02607777983347337
14 1194.9259785351042 0.3552730036060135 0.02306609591238476 0.7311088144860856 -0.025920868386915763
14 1314.040111546219 0.3560842215728714 0.022909746354693197 0.736935316980241 -0.026426379362126523
14 1284.4140136953065 0.35796707411383294 0.022723110611290554 0.7383321561596674 -0.026049108567846035
14 1192.743401418205 0.3582331691363579 0.022723110611290554 0.7368287900239929 -0.026347667325599844
14 56360.47674211816 0.3585122245315995 0.023146935978763487 0.7384386826473448 -0.05077887107804735
14 1261.448696802696 0.3552730036060135 0.023146935978763487 0.7299868369135518 -0.025918609170919316
14 1261.448696802696 0.3552730036060135 0.023146935978763487 0.7299868369135518 -0.025918609170919316
14 1175.7545438952397 0.3560842215728714 0.022909746354693197 0.7370518158922967 -0.026080038864652655
14 24019.87542598372 0.35796707411383294 0.022723110611290554 0.8199523525749417 -0.026395445966166525
14 1378.04191877347 0.3552730036060135 0.023587215587497927 0.7369570893847053 -0.026138123471457525
14 1294.616300260219 0.35877831977989477 0.023146935978763487 0.7370679769136874 -0.02624872483933935
14 1226.394454022961 0.35877831977989477 0.022733279568901747 0.7370518158922967 -0.026324042548410587
14 1431.0854657538516 0.35796707411383294 0.023136497907161227 0.7382156578876589 -0.026395445966166525
14 1462.4417403705856 0.35796707411383294 0.023273968579016688 0.7382156578876589 -0.026395445966166525
14 1023.7023908807721 0.3552730036060135 0.022594197529587336 0.7299868369135518 -0.025918609170919316
14 1175.7545438952397 0.3560842215728714 0.022909746354693197 0.7370518158922967 -0.026080038864652655
15 1306.0207601064685 0.35877831977989477 0.023146935978763487 0.7370679769136874 -0.02604922562277784
15 1062.2043095015176 0.3552730036060135 0.022594197529587336 0.7299868369135518 -0.02611810872452111
15 834.6021394118178 0.3552730036060135 0.021902272063097458 0.7299868369135518 -0.025918609170919316
15 1012.8853446007219 0.3552730036060135 0.022564057859433575 0.7299868369135518 -0.025918609170919316
15 1089.356130906126 0.3560842215728714 0.02144596012592811 0.7359298000247745 -0.02607777983347337
15 1226.394454022961 0.35877831977989477 0.022733279568901747 0.7370518158922967 -0.026324042548410587
15 3378.8957004630624 0.3794046996480835 0.022990566716940868 0.7359298000247745 -0.02607777983347337
15 3275.67468330103 0.33071148493105584 0.022909746354693197 0.7370518158922967 -0.026080038864652655
15 1938.7334653935775 0.35764106626527764 0.024466141183618492 0.7299868369135518 -0.025918609170919316
15 1126.6241597848175 0.3558650879446781 0.022723110611290554 0.7368287900239929 -0.026347667325599844
15 1759.307669710868 0.3552730036060135 0.022816635354686046 0.7185939429289003 -0.02586042332540145
15 2366.598224672856 0.35796707411383294 0.022500598704219405 0.749715614891058 -0.026107295584857998
15 8578.769732279547 0.3560842215728714 0.022909746354693197 0.7370518158922967 -0.01716565384007357
15 1194.9259785351042 0.3552730036060135 0.02306609591238476 0.7311088144860856 -0.025920868386915763
15 1175.7545438952397 0.3560842215728714 0.022909746354693197 0.7370518158922967 -0.026080038864652655
15 1171.8841128859578 0.3560842215728714 0.022990566716940868 0.7359298000247745 -0.02607777983347337
15 1226.394454022961 0.35877831977989477 0.022733279568901747 0.7370518158922967 -0.026324042548410587
15 2291.977966635146 0.36790246236330304 0.021486890984197135 0.7370518158922967 -0.03372794555507072
15 1314.040111546219 0.3560842215728714 0.022909746354693197 0.736935316980241 -0.026426379362126523
16 914.5249777371944 0.35764106626527764 0.02214197091295887 0.7299868369135518 -0.025918609170919316
16 1853.8371500525918 0.3552730036060135 0.024126261740095904 0.7299868369135518 -0.025918609170919316
16 31843.183342579578 0.3560842215728714 0.022909746354693197 0.8365468991281557 -0.026080038864652655
16 834.6021394118178 0.3552730036060135 0.021902272063097458 0.7299868369135518 -0.025918609170919316
16 8727.471955994313 0.3552730036060135 0.022594197529587336 0.7824067242749864 -0.02611810872452111
16 1938.7334653935775 0.35764106626527764 0.024466141183618492 0.7299868369135518 -0.025918609170919316
16 831.0141625566346 0.3552730036060135 0.02188214764515824 0.7299868369135518 -0.025918609170919316
16 25336.155861996842 0.3552730036060135 0.02189149223689655 0.8191595715013331 -0.025918609170919316
16 1315.2029889060998 0.3560842215728714 0.022909746354693197 0.7370300542021992 -0.026426379362126523
16 15441.374718045006 0.36790246236330304 0.021486890984197135 0.6891420683000689 -0.03372794555507072
16 1192.3203944989866 0.3560842215728714 0.022990566716940868 0.7370326742841202 -0.02607777983347337
16 1109.9167466048482 0.3558650879446781 0.022723110611290554 0.7357259151736106 -0.026347667325599844
16 1306.0207601064685 0.35877831977989477 0.023146935978763487 0.7370679769136874 -0.02604922562277784
16 1012.8853446007219 0.3552730036060135 0.022564057859433575 0.7299868369135518 -0.025918609170919316
16 924.6929483561813 0.3560842215728714 0.022138847413341642 0.7266423297678806 -0.02607777983347337
16 1210.8758594474286 0.3552730036060135 0.022723502568653665 0.7392737467364393 -0.025918609170919316
16 6149.720099113584 0.33071148493105584 0.02294031385433824 0.7229842923325824 -0.0259098811011928
16 1086.2323054445608 0.3552730036060135 0.022786049644220336 0.7326610342187251 -0.02603058135258801
16 1126.6241597848175 0.3558650879446781 0.022723110611290554 0.7368287900239929 -0.026347667325599844
17 1086.2323054445608 0.3552730036060135 0.022786049644220336 0.7326610342187251 -0.02603058135258801
17 1126.6241597848175 0.3558650879446781 0.022723110611290554 0.7368287900239929 -0.026347667325599844
17 1203.5545651323994 0.3561076113839175 0.02303550085871675 0.7370326742841202 -0.025942320313861372
17 827.5703724321378 0.3552496129804438 0.021838238694110508 0.7299868369135518 -0.02605406881850697
17 1329.8711720804201 0.35953710238767955 0.02311453745503163 0.7368287900239929 -0.025982463574661663
17 1262.5710868401704 0.35510614109507965 0.022755269354081575 0.7370679769136874 -0.026414434834990924
17 19461.686200194592 0.3558097065366147 0.023231119671239035 0.7299868369135518 -0.0001522666100340908
17 16113.037680479796 0.35769643876385804 0.024382613801018138 0.7368287900239929 -0.011114144433455958
17 1126.6241597848175 0.3558650879446781 0.022723110611290554 0.7368287900239929 -0.026347667325599844
17 282910.1262118985 0.3552730036060135 0.022786049644220336 0.7326610342187251 -0.06952560021781412
17 20946.66839453297 0.2933694133431863 0.023146935978763487 0.7370679769136874 -0.02605074426836465
17 1112.3322725714645 0.36571067953642467 0.02294031385433824 0.7229842923325824 -0.0259083625917865
17 1248.9233180171832 0.35578594843357964 0.022615815063425464 0.7357259151736106 -0.026775438438814858
17 848.6662924327634 0.3553521429401889 0.022010194581207846 0.7299868369135518 -0.02549101702337936
17 42622.64276670204 0.3552730036060135 0.021886667950518753 0.8499705952067985 -0.025918609170919316
17 4346.639769414767 0.3552730036060135 0.021876192079592873 0.6968047116622811 -0.025918609170919316
17 822.918478447812 0.3549958610618823 0.02187136776939216 0.7295552741749388 -0.02595075784737677
17 1210.8078256139452 0.3563613592277215 0.022990566716940868 0.7374641420792369 -0.02604563126566603
17 6529.853022752918 0.3990174848764707 0.022625329883037493 0.7299868369135518 -0.025918609170919316
18 1328.168291536357 0.3558621304374836 0.02284519960658451 0.7357259151736106 -0.026775438438814858
18 790.2320835775765 0.35517343044750055 0.021615591918062126 0.7299868369135518 -0.02605406881850697
18 890.0051989733371 0.3572722105443302 0.022032655866303697 0.7299868369135518 -0.026068742043674098
18 1350189.752001475 0.3538423980357366 0.022529397805841598 0.6641179328007236 -0.11943654900787751
18 1256.2965198347295 0.3555136384076547 0.023040202792103254 0.7295552741749388 -0.02606559439859929
18 1161.6145582200948 0.35584358116467824 0.021822913345181483 0.7374641420792369 -0.025930794881037417
18 10265.111267097975 0.4142068539104789 0.022933289963366736 0.7299868369135518 -0.025918609170919316
18 1805.6978830153528 0.34959236582648 0.02263228429731836 0.7229842923325824 -0.0259083625917865
18 1298.4633639978717 0.35578594843357964 0.022615815063425464 0.7357259151736106 -0.027104917582775778
18 814.513183440038 0.3549958610618823 0.02187136776939216 0.7295552741749388 -0.02562152117060243
18 1112.3322725714645 0.36571067953642467 0.02294031385433824 0.7229842923325824 -0.0259083625917865
18 1086.2323054445608 0.3552730036060135 0.022786049644220336 0.7326610342187251 -0.02603058135258801
18 15040.142454880424 0.42390831583606564 0.021838238694110508 0.7299868369135518 -0.02605406881850697
18 848.6662924327634 0.3553521429401889 0.022010194581207846 0.7299868369135518 -0.02549101702337936
18 12631.338753501912 0.42795951715630914 0.022671291398800048 0.7243671705081767 -0.02605406881850697
18 22109.832041762824 0.36571067953642467 0.02210788491987428 0.7286039328601084 -0.00921641489270375
18 1238.1729496503112 0.35096771804686305 0.023146935978763487 0.7370679769136874 -0.02605074426836465
18 17567.266644463027 0.2972748446826406 0.02187136776939216 0.7295552741749388 -0.02595075784737677
18 1112.3322725714645 0.36571067953642467 0.02294031385433824 0.7229842923325824 -0.0259083625917865
19 2062.28074128647 0.34959236582648 0.02292631241397767 0.7229842923325824 -0.0259083625917865
19 1029.973632654521 0.36571067953642467 0.022646223117246653 0.7229842923325824 -0.0259083625917865
19 867.0616724014907 0.3549958610618823 0.022134941830890563 0.7295552741749388 -0.025737053987891
19 816.5524045270183 0.3553521429401889 0.021747161864248323 0.7299868369135518 -0.02570472119865072
19 98107.18865446505 0.3050714916975237 0.02187136776939216 0.632462959728958 -0.02595075784737677
19 253951.3883361657 0.4142068539104789 0.022933289963366736 0.9946707334592623 -0.024434109007309884
19 790.2320835775765 0.35517343044750055 0.021615591918062126 0.7299868369135518 -0.02605406881850697
19 987907.5239945806 0.3552730036060135 0.022786049644220336 0.7326610342187251 -0.13340957067767478
19 1085.4513959304536 0.3549958610618823 0.02183851858034886 0.737175175318221 -0.025923741054841354
19 833.5813146670364 0.35584358116467824 0.021855762777778946 0.7298441679811939 -0.02595781167654798
19 814.513183440038 0.3549958610618823 0.02187136776939216 0.7295552741749388 -0.02562152117060243
19 814.513183440038 0.3549958610618823 0.02187136776939216 0.7295552741749388 -0.02562152117060243
19 1725.2630440603623 0.3566972431073128 0.023193469546942257 0.7462625189417452 -0.02605074426836465
19 2752.197719383854 0.34978353769997417 0.023167913966582267 0.720355464920738 -0.02606559439859929
19 1782.4221433234666 0.35517343044750055 0.023917371888693938 0.7299868369135518 -0.02606480128424221
19 774.4613885044438 0.3555136384076547 0.020815697436896468 0.7295552741749388 -0.026054861932923473
19 1133.070343827571 0.35662703261507345 0.02293009790362015 0.7294780524806388 -0.025888711746054255
19 1185.825843732001 0.3645962205039466 0.023050409058087595 0.7230614798069719 -0.026085245711403526
19 1805.6978830153528 0.34959236582648 0.02263228429731836 0.7229842923325824 -0.0259083625917865
20 169507.95834819655 0.29647458680684674 0.021615591918062126 0.9710882771902183 -0.010698605647192438
20 790.2320835775765 0.35517343044750055 0.021615591918062126 0.7299868369135518 -0.02605406881850697
20 964.138450465411 0.35584358116467824 0.022411762827871787 0.7298441679811939 -0.02595781167654798
20 31133.84603822058 0.4736902150672901 0.02209063614005239 0.7229842923325824 -0.0259083625917865
20 36196.53207574012 0.3553441046554811 0.02038214241392566 0.7295552741749388 -0.04657660124752247
20 820.6571420337301 0.35552167668474294 0.021747161864248323 0.7299868369135518 -0.025716032718373555
20 795.085824691683 0.35592153817662375 0.020815697436896468 0.7295552741749388 -0.026054861932923473
20 865.558550300521 0.3545879562220043 0.022134941830890563 0.7295552741749388 -0.025737053987891
20 814.513183440038 0.3549958610618823 0.02187136776939216 0.7295552741749388 -0.02562152117060243
20 814.513183440038 0.3549958610618823 0.02187136776939216 0.7295552741749388 -0.02562152117060243
20 1786.4068359165128 0.3549808218294265 0.021972122019174287 0.7462625189417452 -0.02605074426836465
20 1144.880210263156 0.3567122760586424 0.02309218895622736 0.7295552741749388 -0.02562152117060243
20 652.0169716802027 0.3645962205039466 0.020988107369816617 0.7117871382119834 -0.026054695439586523
20 1290.2933298021348 0.3555136384076547 0.022933485934178197 0.7408237105099931 -0.026085412206071218
20 1805.6978830153528 0.34959236582648 0.02263228429731836 0.7229842923325824 -0.0259083625917865
20 911.2286153814996 0.3549958610618823 0.02230778282141619 0.7295552741749388 -0.025737053987891
20 775.3181220539913 0.3526189787375326 0.021615591918062126 0.7313476856684985 -0.02605406881850697
20 1047.6221174184363 0.36825755803747334 0.022646223117246653 0.721623273885672 -0.0259083625917865
20 1133.070343827571 0.35662703261507345 0.02293009790362015 0.7294780524806388 -0.025888711746054255
21 780.0205346000032 0.35500459045918514 0.020853390930921756 0.7299404975453675 -0.025959222782114988
21 789.6385179161324 0.35516470104438036 0.021615591918062126 0.72960161353425 -0.025716369287141105
21 775.3181220539913 0.3526189787375326 0.021615591918062126 0.7313476856684985 -0.02605406881850697
21 1144.880210263156 0.3567122760586424 0.02309218895622736 0.7295552741749388 -0.02562152117060243
21 1105.9454688028097 0.35691912634495 0.02285296933722057 0.7298441679811939 -0.02595781167654798
21 983.8643141236873 0.3555514823935465 0.022488755584859403 0.7294780524806388 -0.025888711746054255
21 769.5970180506943 0.3526189787375326 0.02158349758301227 0.7313476856684985 -0.02605468331264471
21 662.1264781319511 0.3645962205039466 0.02102382061718699 0.7117871382119834 -0.026054080945448782
21 1383.8671942566018 0.3546524193464819 0.023311411762814344 0.7294780524806388 -0.025888711746054255
21 838.2263748749627 0.3571480134900797 0.02126052513584032 0.7299868369135518 -0.02605406881850697
21 909.0762696715672 0.3551251805049861 0.022300261111181188 0.7295552741749388 -0.025737053987891
21 783.0305647478424 0.3544586362274136 0.021707666773365362 0.7295552741749388 -0.02562152117060243
21 13196.664954371989 0.3645962205039466 0.02354176812607457 0.7117871382119834 -0.0004737028202818627
21 1786.4068359165128 0.3549808218294265 0.021972122019174287 0.7462625189417452 -0.02605074426836465
21 814.4696237494575 0.3549877442753863 0.02187136776939216 0.7295552741749388 -0.02569331477904785
21 859.892146411448 0.3545960729338378 0.022134941830890563 0.7295552741749388 -0.025665260396806333
21 827.7160341659547 0.3564900966808093 0.020815697436896468 0.7295609050970919 -0.026047197077540052
21 1146.5019437227854 0.35605847385746375 0.02293009790362015 0.7294724215583661 -0.02589637679003126
21 26952.93523581017 0.4736902150672901 0.023818981163146166 0.7229842923325824 -0.0259083625917865
22 923.5677479743023 0.3555514823935465 0.02142663843406454 0.7172642525817947 -0.025888711746054255
22 8459.870256420241 0.4114817656067567 0.022096854172509697 0.7240007347142875 -0.026054080945448782
22 7005.1947006509 0.3545123452247607 0.021707666773365362 0.6873184914964329 -0.026011014741449956
22 832.9298336648728 0.35495088131226127 0.020853390930921756 0.7295211219047766 -0.025569734796163368
22 783.0305647478424 0.3544586362274136 0.021707666773365362 0.7295552741749388 -0.02562152117060243
22 1105.9454688028097 0.35691912634495 0.02285296933722057 0.7298441679811939 -0.02595781167654798
22 963.8232413483332 0.3523988702145645 0.022235243247405168 0.7303977389523585 -0.02605468331264471
22 805.7478532311595 0.35481616041518527 0.02148681013558767 0.7305052208413781 -0.025665260396806333
22 838.2263748749627 0.3571480134900797 0.02126052513584032 0.7299868369135518 -0.02605406881850697
22 663781.4097844181 0.35516470104438036 0.021615591918062126 0.42052330224866513 -0.025716369287141105
22 410451.1911972803 0.3526189787375326 0.021615591918062126 0.4709788823729724 -0.02605406881850697
22 652.0169716802027 0.3645962205039466 0.020988107369816617 0.7117871382119834 -0.026054695439586523
22 997.5668504694113 0.35730989309016103 0.02102382061718699 0.7117871382119834 -0.02604721023347631
22 1420.8861135723382 0.36377587893247837 0.020815697436896468 0.7295609050970919 -0.02605406778952718
22 831.5070282915465 0.355966869645345 0.020853390930921756 0.7299404975453675 -0.025959222782114988
22 672.8180413130062 0.3636330493484779 0.020988107369816617 0.7117871382119834 -0.026054695439586523
22 909.0762696715672 0.3551251805049861 0.022300261111181188 0.7295552741749388 -0.025737053987891
22 909.0762696715672 0.3551251805049861 0.022300261111181188 0.7295552741749388 -0.025737053987891
22 780.0205346000032 0.35500459045918514 0.020853390930921756 0.7299404975453675 -0.025959222782114988
23 1072.1529225850143 0.35496167304549403 0.02287005751869515 0.7298441679811939 -0.025580560947550235
23 859.8893346582448 0.3569083257746809 0.020889081031733456 0.7295211219047766 -0.025946988066481935
23 963.8232413483332 0.3523988702145645 0.022235243247405168 0.7303977389523585 -0.02605468331264471
23 963.8232413483332 0.3523988702145645 0.022235243247405168 0.7303977389523585 -0.02605468331264471
23 909.1838172646775 0.35529792655057957 0.022300261111181188 0.7295552741749388 -0.025737053987891
23 830.349323222093 0.35697525936983054 0.02126052513584032 0.7299868369135518 -0.02605406881850697
23 805.7478532311595 0.35481616041518527 0.02148681013558767 0.7305052208413781 -0.025665260396806333
23 832.9298336648728 0.35495088131226127 0.020853390930921756 0.7295211219047766 -0.025569734796163368
23 780.0205346000032 0.35500459045918514 0.020853390930921756 0.7299404975453675 -0.025959222782114988
23 672.8180413130062 0.3636330493484779 0.020988107369816617 0.7117871382119834 -0.026054695439586523
23 1076.2025971383614 0.3544586362274136 0.021707666773365362 0.7388977019641143 -0.026329278538522766
23 826.952397828119 0.3645962205039466 0.020988107369816617 0.7024364525449929 -0.02534701640667461
23 1420.8861135723382 0.36377587893247837 0.020815697436896468 0.7295609050970919 -0.02605406778952718
23 652.0169716802027 0.3645962205039466 0.020988107369816617 0.7117871382119834 -0.026054695439586523
23 17643.489787983523 0.3636330493484779 0.021136921357009522 0.7117871382119834 -0.006074168342723313
23 783.6722875174495 0.35495088131226127 0.021300074590525127 0.7295211219047766 -0.02558909205190127
23 17368.591150860764 0.3523988702145645 0.022235243247405168 0.7303977389523585 -0.009956258284104236
23 6955.212695081739 0.3545123452247607 0.021707666773365362 0.6873184914964329 -0.025981153650622396
23 185164.83077802646 0.3636330493484779 0.020988107369816617 0.9042157645905349 -0.0014380779770812313
24 1066.8425959573972 0.3544586362274136 0.021707666773365362 0.7387366774116231 -0.026329278538522766
24 649.3031117991255 0.3645962205039466 0.020988107369816617 0.7119458167443732 -0.026054695439586523
24 842.3969289437678 0.3645962205039466 0.02167259884861732 0.7117871382119834 -0.02581435438401028
24 813.0935730253785 0.35481616041518527 0.020821123050172172 0.7305052208413781 -0.02590560208480533
24 652.0169716802027 0.3645962205039466 0.020988107369816617 0.7117871382119834 -0.026054695439586523
24 783.6722875174495 0.35495088131226127 0.021300074590525127 0.7295211219047766 -0.02558909205190127
24 583.9415563467126 0.3645962205039466 0.020988107369816617 0.7024364525449929 -0.024524195382664732
24 28323.75933988339 0.45323855702416554 0.02126052513584032 0.7299868369135518 -0.02605406881850697
24 700.0924689494673 0.36267724715336974 0.020988107369816617 0.7117871382119834 -0.026054695439586523
24 1408.264459886585 0.3636565457159785 0.020815697436896468 0.7295609050970919 -0.02605406778952718
24 909.1838172646775 0.35529792655057957 0.022300261111181188 0.7295552741749388 -0.025737053987891
24 1072.1529225850143 0.35496167304549403 0.02287005751869515 0.7298441679811939 -0.025580560947550235
24 805.7478532311595 0.35481616041518527 0.02148681013558767 0.7305052208413781 -0.025665260396806333
24 805.7478532311595 0.35481616041518527 0.02148681013558767 0.7305052208413781 -0.025665260396806333
24 832.9298336648728 0.35495088131226127 0.020853390930921756 0.7295211219047766 -0.025569734796163368
24 859.8893346582448 0.3569083257746809 0.020889081031733456 0.7295211219047766 -0.025946988066481935
24 802.2123506951884 0.35481616041518527 0.02148681013558767 0.7304093927496704 -0.025665260396806333
24 784.6820046977191 0.35500459045918514 0.020853390930921756 0.7300363256200848 -0.025959222782114988
24 17368.591150860764 0.3523988702145645 0.022235243247405168 0.7303977389523585 -0.009956258284104236
25 722.4148550673041 0.35501605909610756 0.02148681013558767 0.7271904182466478 -0.025665260396806333
25 510600.7342861984 0.35475098259410537 0.021300074590525127 0.44549229055543216 -0.02558909205190127
25 775.7517035865561 0.35495088131226127 0.02115678473439563 0.7295211219047766 -0.025693441547657847
25 814.5717131342855 0.35481616041518527 0.020965558925656127 0.7305052208413781 -0.02580125308706399
25 652.0169716802027 0.3645962205039466 0.020988107369816617 0.7117871382119834 -0.026054695439586523
25 700.0924689494673 0.36267724715336974 0.020988107369816617 0.7117871382119834 -0.026054695439586523
25 783.6722875174495 0.35495088131226127 0.021300074590525127 0.7295211219047766 -0.02558909205190127
25 16787.341726404255 0.3645962205039466 0.02167259884861732 0.7117871382119834 -0.005088790599584531
25 857.1540210545878 0.3549563418309151 0.02211330491840854 0.7298441679811939 -0.025580560947550235
25 78300.26920208459 0.4946117853850815 0.020135097559061576 0.7305052208413781 -0.01525313565696712
25 909.1838172646775 0.35529792655057957 0.022300261111181188 0.7295552741749388 -0.025737053987891
25 700.0924689494673 0.36267724715336974 0.020988107369816617 0.7117871382119834 -0.026054695439586523
25 832.9298336648728 0.35495088131226127 0.020853390930921756 0.7295211219047766 -0.025569734796163368
25 813.0935730253785 0.35481616041518527 0.020821123050172172 0.7305052208413781 -0.02590560208480533
25 649.3031117991255 0.3645962205039466 0.020988107369816617 0.7119458167443732 -0.026054695439586523
25 652.0169716802027 0.3645962205039466 0.020988107369816617 0.7117871382119834 -0.026054695439586523
25 15135.334714503933 0.4500368748820663 0.020453753807353148 0.7117871382119834 -0.08246651031462926
25 583.9415563467126 0.3645962205039466 0.020988107369816617 0.7024364525449929 -0.024524195382664732
25 1432.9937015121611 0.35481616041518527 0.021282314425849755 0.7390542448382745 -0.025665260396806333
26 652.0169716802027 0.3645962205039466 0.020988107369816617 0.7117871382119834 -0.026054695439586523
26 814.5717131342855 0.35481616041518527 0.020965558925656127 0.7305052208413781 -0.02580125308706399
26 1087.2373958837193 0.382357499972903 0.020958391695574962 0.7024364525449929 -0.024368832953026026
26 1232.9568276203956 0.33682201175107884 0.020995277115260717 0.7305052208413781 -0.025956877516832677
26 1542.487844639279 0.3645962205039466 0.020988107369816617 0.7046522059289178 -0.02695554636298872
26 639.2839146849391 0.3645962205039466 0.020988107369816617 0.7095713706490819 -0.023626502056772247
26 783.6722875174495 0.35495088131226127 0.021300074590525127 0.7295211219047766 -0.02558909205190127
26 783.6722875174495 0.35495088131226127 0.021300074590525127 0.7295211219047766 -0.02558909205190127
26 700.0924689494673 0.36267724715336974 0.020988107369816617 0.7117871382119834 -0.026054695439586523
26 18096.402444894073 0.36267724715336974 0.020988107369816617 0.7117871382119834 -0.0036379478934329135
26 646.1608253829016 0.3645962205039466 0.020988107369816617 0.7007922994614426 -0.024524195382664732
26 632.6294474789288 0.3645962205039466 0.020988107369816617 0.7134311946117649 -0.026054695439586523
26 835.849179613941 0.3645962205039466 0.021505623181397992 0.7117871382119834 -0.026054695439586523
26 697.7636013439108 0.35501605909610756 0.0209724332877529 0.7271904182466478 -0.025665260396806333
26 722.4148550673041 0.35501605909610756 0.02148681013558767 0.7271904182466478 -0.025665260396806333
26 814.5717131342855 0.35481616041518527 0.020965558925656127 0.7305052208413781 -0.02580125308706399
26 673.0224362848805 0.3699212113171891 0.02117395179442777 0.7117871382119834 -0.026054695439586523
26 620.7993379357745 0.3496070868443741 0.020971214782151446 0.7295211219047766 -0.025693441547657847
26 745.8565525926929 0.35495088131226127 0.02115678473439563 0.7287825993119423 -0.025693441547657847
27 652.0169716802027 0.3645962205039466 0.020988107369816617 0.7117871382119834 -0.026054695439586523
27 835.849179613941 0.3645962205039466 0.021505623181397992 0.7117871382119834 -0.026054695439586523
27 697.7636013439108 0.35501605909610756 0.0209724332877529 0.7271904182466478 -0.025665260396806333
27 620.7993379357745 0.3496070868443741 0.020971214782151446 0.7295211219047766 -0.025693441547657847
27 637.4623491917832 0.3645962205039466 0.020988107369816617 0.7157077383294044 -0.026054695439586523
27 18787.092193743836 0.4169658980551287 0.020988107369816617 0.6985155669482769 -0.014590597631634533
27 874.5864540480387 0.37427907865463855 0.02117395179442777 0.7117871382119834 -0.025485901379993597
27 794.4656729116358 0.34520218924138624 0.020971214782151446 0.7295211219047766 -0.02626227370586648
27 1594.4525203241587 0.3645962205039466 0.020988107369816617 0.6984139369176264 -0.02612953294737544
27 820.666901732386 0.3645962205039466 0.020988107369816617 0.715809301682321 -0.02444962327939343
27 722.4148550673041 0.35501605909610756 0.02148681013558767 0.7271904182466478 -0.025665260396806333
27 620.7993379357745 0.3496070868443741 0.020971214782151446 0.7295211219047766 -0.025693441547657847
27 583.9415563467126 0.3645962205039466 0.020988107369816617 0.7024364525449929 -0.024524195382664732
27 632.6294474789288 0.3645962205039466 0.020988107369816617 0.7134311946117649 -0.026054695439586523
27 720.0273005227898 0.3550370813979122 0.02148681013558767 0.7271904182466478 -0.02554898317885923
27 769.1354942930874 0.35492985900814517 0.021300074590525127 0.7295211219047766 -0.02570536958372613
27 624.372317874887 0.3645962205039466 0.020988107369816617 0.7123441504040257 -0.024524195382664732
27 16026.070204677751 0.312868449068822 0.020123730844859963 0.7018792885555472 -0.026054695439586523
27 620.7993379357745 0.3496070868443741 0.020971214782151446 0.7295211219047766 -0.025693441547657847
28 637.4623491917832 0.3645962205039466 0.020988107369816617 0.7157077383294044 -0.026054695439586523
28 820.666901732386 0.3645962205039466 0.020988107369816617 0.715809301682321 -0.02444962327939343
28 5746.987589094717 0.37114143529042976 0.021255078167454984 0.7456384446403366 -0.025485901379993597
28 374419.1240456077 0.35272991878922016 0.020892122018947273 0.4750444181691487 -0.025693441547657847
28 637.2404955648952 0.3496070868443741 0.020971214782151446 0.7295211219047766 -0.02601070484854437
28 522.5877798668872 0.3645962205039466 0.020988107369816617 0.7024364525449929 -0.02420738184034446
28 794.4656729116358 0.34520218924138624 0.020971214782151446 0.7295211219047766 -0.02626227370586648
28 10703.826132356262 0.3645962205039466 0.021976650796521908 0.7024364525449929 -0.0087675273238208
28 624.372317874887 0.3645962205039466 0.020988107369816617 0.7123441504040257 -0.024524195382664732
28 583.9415563467126 0.3645962205039466 0.020988107369816617 0.7024364525449929 -0.024524195382664732
28 922.1207429931534 0.3645962205039466 0.021031141168686734 0.7024364525449929 -0.025531900853614842
28 817.8525337031705 0.35501605909610756 0.02144567407472019 0.7271904182466478 -0.024657610259017554
28 4169171.752128357 0.3642692032002143 0.02216972195395505 0.4634066731500789 -0.08283389664798152
28 878.0326549204798 0.3746042035585023 0.02117395179442777 0.7117871382119834 -0.02557312562272726
28 583.9415563467126 0.3645962205039466 0.020988107369816617 0.7024364525449929 -0.024524195382664732
28 620.7993379357745 0.3496070868443741 0.020971214782151446 0.7295211219047766 -0.025693441547657847
28 607.1475074889179 0.3726911354628112 0.020971214782151446 0.706281966846735 -0.025703557825082213
28 130954.30706141953 0.4032372358897731 0.02235730579669287 0.8977342661273628 -0.024514163543513767
28 820.666901732386 0.3645962205039466 0.020988107369816617 0.715809301682321 -0.02444962327939343
29 583.9415563467126 0.3645962205039466 0.020988107369816617 0.7024364525449929 -0.024524195382664732
29 583.9415563467126 0.3645962205039466 0.020988107369816617 0.7024364525449929 -0.024524195382664732
29 583.9415563467126 0.3645962205039466 0.020988107369816617 0.7024364525449929 -0.024524195382664732
29 4169171.752128357 0.3642692032002143 0.02216972195395505 0.4634066731500789 -0.08283389664798152
29 1373.0987689446288 0.3656540253703798 0.02096924936263878 0.6968135351334952 -0.025693441547657847
29 1173.0579114965435 0.34854186932094494 0.020990073160463876 0.7351377490138558 -0.02420738184034446
29 28987.645628516777 0.28970769730293633 0.02094924495922528 0.9080090608986264 -0.024982900746860437
29 3976.1784562995003 0.34344411125167995 0.022409914409728386 0.7120186326764737 -0.02554202769493491
29 88911.38352019178 0.3645962205039466 0.020739477961420564 0.5695930528206709 -0.024524195382664732
29 583.9415563467126 0.3645962205039466 0.020988107369816617 0.7024364525449929 -0.024524195382664732
29 659.3452263238936 0.3645962205039466 0.020988107369816617 0.7171485962104043 -0.026054695439586523
29 643.9142606895492 0.3496070868443741 0.020971214782151446 0.7280800430826873 -0.02601070484854437
29 17236.911295600625 0.3801308356464482 0.020988107369816617 0.715809301682321 -0.01350776159076933
29 637.0216386407307 0.3645962205039466 0.020988107369816617 0.7157077383294044 -0.026038439069096725
29 20058.292038698546 0.3645962205039466 0.02054917449790375 0.7833423584525006 -0.024524195382664732
29 130954.30706141953 0.4032372358897731 0.02235730579669287 0.8977342661273628 -0.024514163543513767
29 719.4167882859001 0.3663930468605521 0.020965326246355102 0.6974512388193591 -0.024524195382664732
29 710.693332899166 0.3433873139545525 0.020993997098717406 0.7345007847374849 -0.02626227370586648
29 794.4656729116358 0.34520218924138624 0.020971214782151446 0.7295211219047766 -0.02626227370586648
30 583.9415563467126 0.3645962205039466 0.020988107369816617 0.7024364525449929 -0.024524195382664732
30 719.4167882859001 0.3663930468605521 0.020965326246355102 0.6974512388193591 -0.024524195382664732
30 87644.49818288248 0.3671136892000423 0.020739477961420564 0.5695930528206709 -0.024786737834845224
30 728.6515685673186 0.34084223128216495 0.020993997098717406 0.7345007847374849 -0.025999905161588288
30 20676.480152184868 0.34499160882362945 0.020974789457775693 0.7295211219047766 -0.006344947016072466
30 25909.06677724273 0.38028116129661654 0.020984532779349568 0.715809301682321 -0.004001427012825964
30 643.9142606895492 0.3496070868443741 0.020971214782151446 0.7280800430826873 -0.02601070484854437
30 583.9415563467126 0.3645962205039466 0.020988107369816617 0.7024364525449929 -0.024524195382664732
30 17236.911295600625 0.3801308356464482 0.020988107369816617 0.715809301682321 -0.01350776159076933
30 719.4167882859001 0.3663930468605521 0.020965326246355102 0.6974512388193591 -0.024524195382664732
30 643.9142606895492 0.3496070868443741 0.020971214782151446 0.7280800430826873 -0.02601070484854437
30 643.9142606895492 0.3496070868443741 0.020971214782151446 0.7280800430826873 -0.02601070484854437
30 522.5877798668872 0.3645962205039466 0.020988107369816617 0.7024364525449929 -0.02420738184034446
30 583.9415563467126 0.3645962205039466 0.020988107369816617 0.7024364525449929 -0.024524195382664732
30 720.2453447187349 0.3656540253703798 0.02098988049428133 0.7057476816090187 -0.025693441547657847
30 590.4577593520581 0.34854186932094494 0.02096944230027055 0.7262013633860146 -0.02420738184034446
30 576.0077571249685 0.3645962205039466 0.02094417751605635 0.7024364525449929 -0.024554078435693072
30 28987.0885840788 0.28970769730293633 0.020993179876017308 0.9080090608986264 -0.02495302188959697
30 1173.0579114965435 0.34854186932094494 0.020990073160463876 0.7351377490138558 -0.02420738184034446
31 1510.0828165366474 0.3645962205039466 0.02097074455746349 0.7236204926986676 -0.024524195382664732
31 1393.3300580349792 0.34854186932094494 0.020986805284333852 0.7050166229777555 -0.02420738184034446
31 583.9415563467126 0.3645962205039466 0.020988107369816617 0.7024364525449929 -0.024524195382664732
31 522.5877798668872 0.3645962205039466 0.020988107369816617 0.7024364525449929 -0.02420738184034446
31 583.9415563467126 0.3645962205039466 0.020988107369816617 0.7024364525449929 -0.024524195382664732
31 643.9142606895492 0.3496070868443741 0.020971214782151446 0.7280800430826873 -0.02601070484854437
31 58870.73653550785 0.2654840154730029 0.020994466067325173 0.7024364525449929 -0.024551429669901925
31 568.1077292154373 0.3645962205039466 0.02093782683836045 0.7024364525449929 -0.024526844149572957
31 2222.4509165420222 0.3645962205039466 0.02393691721632435 0.7024364525449929 -0.023930623938374113
31 620.3979304388523 0.3645962205039466 0.020883916611186513 0.7024364525449929 -0.02483090600299187
31 46292.32047703831 0.2667857161619146 0.020931825699703192 0.7280800430826873 -0.02601070484854437
31 1306.9326828333185 0.3541035290052051 0.021027549344708928 0.7024364525449929 -0.024524195382664732
31 663.0365816980545 0.34084223128216495 0.020993997098717406 0.7345007847374849 -0.02573069611381021
31 650.1803007231356 0.3645962205039466 0.020988107369816617 0.7024364525449929 -0.024793502304012727
31 17236.911295600625 0.3801308356464482 0.020988107369816617 0.715809301682321 -0.01350776159076933
31 583.9415563467126 0.3645962205039466 0.020988107369816617 0.7024364525449929 -0.024524195382664732
31 1416.9172998655702 0.34872941524670453 0.02098457856770183 0.7155654258169238 -0.02601070484854437
31 889.1479555066103 0.3654671507703498 0.02097474367022381 0.7149510410964245 -0.02420738184034446
31 522.5877798668872 0.3645962205039466 0.020988107369816617 0.7024364525449929 -0.02420738184034446
32 3796.732084782486 0.39618845399124936 0.02021586163657377 0.715809301682321 -0.027491002075653914
32 522.5877798668872 0.3645962205039466 0.020988107369816617 0.7024364525449929 -0.02420738184034446
32 1577.0410773513154 0.3645962205039466 0.02277664908637252 0.7022544707989777 -0.024438961308740154
32 537.3336683090323 0.3645962205039466 0.020988107369816617 0.7024364525449929 -0.024292616672563855
32 568.1077292154373 0.3645962205039466 0.02093782683836045 0.7024364525449929 -0.024526844149572957
32 568.1077292154373 0.3645962205039466 0.02093782683836045 0.7024364525449929 -0.024526844149572957
32 616.4906226360715 0.3655316355528743 0.020988107369816617 0.7024364525449929 -0.024793502304012727
32 825.7783887373438 0.36453173398331495 0.02097474367022381 0.7149510410964245 -0.02420738184034446
32 514.0701691909425 0.3645962205039466 0.02097074455746349 0.7059712036750039 -0.02452342954363007
32 1151.5681688444954 0.3645962205039466 0.02093782683836045 0.7200853578400126 -0.024527609988613586
32 583.9415563467126 0.3645962205039466 0.020988107369816617 0.7024364525449929 -0.024524195382664732
32 583.9415563467126 0.3645962205039466 0.020988107369816617 0.7024364525449929 -0.024524195382664732
32 643.9142606895492 0.3496070868443741 0.020971214782151446 0.7280800430826873 -0.02601070484854437
32 583.9415563467126 0.3645962205039466 0.020988107369816617 0.7024364525449929 -0.024524195382664732
32 510.37931778648857 0.36599914577865467 0.02102937140941874 0.7024364525449929 -0.024199081247387955
32 1435.2467265230605 0.35269653752733715 0.020986287981933482 0.7024364525449929 -0.02453249807489216
32 808.1094329526197 0.3496070868443741 0.020988096965310125 0.7280800430826873 -0.023892200499627675
32 558279.3273569254 0.1655738806360467 0.020971225334116973 0.7024364525449929 -0.022833163894647235
32 568.1077292154373 0.3645962205039466 0.02093782683836045 0.7024364525449929 -0.024526844149572957
33 568.1077292154373 0.3645962205039466 0.02093782683836045 0.7024364525449929 -0.024526844149572957
33 583.9415563467126 0.3645962205039466 0.020988107369816617 0.7024364525449929 -0.024524195382664732
33 716478.4558452477 0.3496070868443741 0.020988096965310125 0.4074901536155618 -0.023892200499627675
33 510.37931778648857 0.36599914577865467 0.02102937140941874 0.7024364525449929 -0.024199081247387955
33 506.5939597900189 0.3656160697879604 0.020988107369816617 0.7024364525449929 -0.024206929793486792
33 525.1841333342635 0.36497929473008245 0.02102937140941874 0.7024364525449929 -0.024199533294272296
33 566.4121756669182 0.3645962205039466 0.020932718893953223 0.7024364525449929 -0.024526518205937015
33 585.7242601637593 0.3645962205039466 0.020993224534280857 0.7024364525449929 -0.024524521326301396
33 511.80720387866734 0.3645962205039466 0.020969364935792382 0.7027511016570245 -0.02420738184034446
33 651.9635177042893 0.3496070868443741 0.020989957571113493 0.7277642249391112 -0.02601070484854437
33 568.1397308618517 0.3645962205039466 0.02093782683836045 0.7024364525449929 -0.024526996020623637
33 583.9078683459358 0.3645962205039466 0.020988107369816617 0.7024364525449929 -0.024524043511615634
33 6104241.729751182 0.10594732636106843 0.020988107369816617 0.48200140851192613 -0.024524131537966842
33 514.0762238734244 0.3645962205039466 0.02097074455746349 0.7059712036750039 -0.024523493388327988
33 522.5877798668872 0.3645962205039466 0.020988107369816617 0.7024364525449929 -0.02420738184034446
33 562.3016167811427 0.36335838964157446 0.02102937140941874 0.7024364525449929 -0.024199081247387955
33 509.6575588652435 0.3658033238810719 0.020908452057326322 0.7024364525449929 -0.024384099094737904
33 563.021204800927 0.36479203959917367 0.0210589148573832 0.7024364525449929 -0.024341826536718902
33 568.1077292154373 0.3645962205039466 0.02093782683836045 0.7024364525449929 -0.024526844149572957
34 3643.739870524616 0.36448159203172414 0.02098639354866377 0.7024364525449929 -0.017071727305537437
34 84140.49542996178 0.3657306946151603 0.02006504411347305 0.541270149213064 -0.017652084429797765
34 511.7629334857837 0.3643019588828644 0.020969364935792382 0.7027511016570245 -0.02417531871024317
34 562.0886451216446 0.3650862999193658 0.0210589148573832 0.7024364525449929 -0.024373890294733275
34 485.5270826466945 0.36497929473008245 0.020878452794815053 0.7027264377388209 -0.024199533294272296
34 559.887551757063 0.3645962205039466 0.02112109630234138 0.7024611164628809 -0.02420738184034446
34 4062.1522587755944 0.4179616482075545 0.023772450054757793 0.7024364525449929 -0.024526844149572957
34 512.0476040032022 0.36585598329979535 0.02102937140941874 0.7024364525449929 -0.024199081247387955
34 522.5877798668872 0.3645962205039466 0.020988107369816617 0.7024364525449929 -0.02420738184034446
34 583.9415563467126 0.3645962205039466 0.020988107369816617 0.7024364525449929 -0.024524195382664732
34 504.98419177600755 0.3660127028094245 0.02089634017236791 0.7024364525449929 -0.024390656691074486
34 528.892606722307 0.3643868328255486 0.021000271370502855 0.7024364525449929 -0.024200824646630897
34 509.21029301707733 0.34312913910624004 0.02102937140941874 0.7281706623057396 -0.024199081247387955
34 799.4348525633402 0.3697973523184013 0.020989957571113493 0.7020286816915737 -0.02601070484854437
34 529.4968815051566 0.3647458098697252 0.02102937140941874 0.7024364525449929 -0.024199533294272296
34 557.3880641917362 0.36502552441209957 0.0210589148573832 0.7024364525449929 -0.024341826536718902
34 5428.006987624936 0.370275474321984 0.02045252340204216 0.7024364525449929 -0.017082183095164627
34 503.74689922550834 0.3645962205039466 0.020949748591099198 0.7027511016570245 -0.024184732320211483
34 566.4121756669182 0.3645962205039466 0.020932718893953223 0.7024364525449929 -0.024526518205937015
35 503.74689922550834 0.3645962205039466 0.020949748591099198 0.7027511016570245 -0.024184732320211483
35 562.0886451216446 0.3650862999193658 0.0210589148573832 0.7024364525449929 -0.024373890294733275
35 535.0852237151424 0.36470170898679 0.02104588716051321 0.7024364525449929 -0.02420069138248057
35 523.314330740302 0.36443093366005525 0.020983767731372754 0.7024364525449929 -0.024199666558422706
35 559.887551757063 0.3645962205039466 0.02112109630234138 0.7024611164628809 -0.02420738184034446
35 503.74689922550834 0.3645962205039466 0.020949748591099198 0.7027511016570245 -0.024184732320211483
35 509.21029301707733 0.34312913910624004 0.02102937140941874 0.7281706623057396 -0.024199081247387955
35 504.98419177600755 0.3660127028094245 0.02089634017236791 0.7024364525449929 -0.024390656691074486
35 503.74689922550834 0.3645962205039466 0.020949748591099198 0.7027511016570245 -0.024184732320211483
35 528.892606722307 0.3643868328255486 0.021000271370502855 0.7024364525449929 -0.024200824646630897
35 488.5226751294799 0.3645962205039466 0.020949748591099198 0.7027447381476222 -0.024068559195350725
35 28988.01934242494 0.3660127028094245 0.02089634017236791 0.623069859358543 -0.024506837599649944
35 1029.6927312407483 0.3658633484439872 0.02096154134657926 0.7020310861640223 -0.02601070484854437
35 506.857651398272 0.3699465915889672 0.020924767114494522 0.7024340480718516 -0.024390656691074486
35 512.0476040032022 0.36585598329979535 0.02102937140941874 0.7024364525449929 -0.024199081247387955
35 503.74689922550834 0.3645962205039466 0.020949748591099198 0.7027511016570245 -0.024184732320211483
35 515.9981114385173 0.3645962205039466 0.020999905382918793 0.7027511016570245 -0.024184732320211483
35 509.6318153517417 0.3645962205039466 0.0209379626288483 0.7024364525449929 -0.02420738184034446
35 529.4968815051566 0.3647458098697252 0.02102937140941874 0.7024364525449929 -0.024199533294272296
36 506.857651398272 0.3699465915889672 0.020924767114494522 0.7024340480718516 -0.024390656691074486
36 123661.38021208391 0.3699465915889672 0.020924767114494522 0.9194325745890931 -0.024390656691074486
36 510.33650641606255 0.34312913910624004 0.021040847080982347 0.7281706623057396 -0.024199081247387955
36 369524.9943944783 0.18771987179698818 0.02093831806150494 0.7027447381476222 -0.024068559195350725
36 488.6602380784301 0.3646434007598985 0.020878452794815053 0.7027536104252251 -0.024197584212937384
36 661.4184080892067 0.37452908285093395 0.020949748591099198 0.7027239289706197 -0.024186681401671517
36 485.5270826466945 0.36497929473008245 0.020878452794815053 0.7027264377388209 -0.024199533294272296
36 485.5270826466945 0.36497929473008245 0.020878452794815053 0.7027264377388209 -0.024199533294272296
36 146501.70778348486 0.3662966523038504 0.02083498628826621 0.9454560071115405 -0.024199081247387955
36 563.7616398861976 0.3655720327459354 0.021091657145848652 0.7024364525449929 -0.024390656691074486
36 502.48417856037673 0.34312913910624004 0.02103182071261889 0.7267110717526486 -0.02420056172110413
36 510.2200414716855 0.36470170898679 0.021043437942981223 0.7038949659688384 -0.024199210908764618
36 523.314330740302 0.36443093366005525 0.020983767731372754 0.7024364525449929 -0.024199666558422706
36 485.5270826466945 0.36497929473008245 0.020878452794815053 0.7027264377388209 -0.024199533294272296
36 528.892606722307 0.3643868328255486 0.021000271370502855 0.7024364525449929 -0.024200824646630897
36 488.5226751294799 0.3645962205039466 0.020949748591099198 0.7027447381476222 -0.024068559195350725
36 523.314330740302 0.36443093366005525 0.020983767731372754 0.7024364525449929 -0.024199666558422706
36 503.74689922550834 0.3645962205039466 0.020949748591099198 0.7027511016570245 -0.024184732320211483
36 488.5226751294799 0.3645962205039466 0.020949748591099198 0.7027447381476222 -0.024068559195350725
37 488.6602380784301 0.3646434007598985 0.020878452794815053 0.7027536104252251 -0.024197584212937384
37 485.5270826466945 0.36497929473008245 0.020878452794815053 0.7027264377388209 -0.024199533294272296
37 489.2130751460556 0.3646434007598985 0.020878452794815053 0.7027319387077131 -0.024199672328009736
37 485.0459471802931 0.36497929473008245 0.020878452794815053 0.7027481094563328 -0.02419744517920064
37 601.9199142970494 0.36497929473008245 0.02131123368021283 0.7027264377388209 -0.024199533294272296
37 485.5270826466945 0.36497929473008245 0.020878452794815053 0.7027264377388209 -0.024199533294272296
37 485.5270826466945 0.36497929473008245 0.020878452794815053 0.7027264377388209 -0.024199533294272296
37 485.5270826466945 0.36497929473008245 0.020878452794815053 0.7027264377388209 -0.024199533294272296
37 8334.032564441568 0.36497929473008245 0.020878452794815053 0.7027264377388209 -0.013295628771874124
37 30637.24869813278 0.36470170898679 0.021043437942981223 0.8048515017692306 -0.024199210908764618
37 488.5226751294799 0.3645962205039466 0.020949748591099198 0.7027447381476222 -0.024068559195350725
37 485.5270826466945 0.36497929473008245 0.020878452794815053 0.7027264377388209 -0.024199533294272296
37 416.40735969157754 0.3645962205039466 0.02034772627626202 0.7027447381476222 -0.024068559195350725
37 523.314330740302 0.36443093366005525 0.020983767731372754 0.7024364525449929 -0.024199666558422706
37 11370.046678086439 0.43149261808005895 0.02060811862549139 0.7027445599671096 -0.02418985721257791
37 137679.54772804014 0.4682297793786506 0.020878452794815053 0.8363126861379994 -0.02454443673199852
37 485.5270826466945 0.36497929473008245 0.020878452794815053 0.7027264377388209 -0.024199533294272296
37 485.5270826466945 0.36497929473008245 0.020878452794815053 0.7027264377388209 -0.024199533294272296
37 506.857651398272 0.3699465915889672 0.020924767114494522 0.7024340480718516 -0.024390656691074486
38 485.5270826466945 0.36497929473008245 0.020878452794815053 0.7027264377388209 -0.024199533294272296
38 485.5270826466945 0.36497929473008245 0.020878452794815053 0.7027264377388209 -0.024199533294272296
38 11370.046678086439 0.43149261808005895 0.02060811862549139 0.7027445599671096 -0.02418985721257791
38 523.314330740302 0.36443093366005525 0.020983767731372754 0.7024364525449929 -0.024199666558422706
38 485.5270826466945 0.36497929473008245 0.020878452794815053 0.7027264377388209 -0.024199533294272296
38 485.5270826466945 0.36497929473008245 0.020878452794815053 0.7027264377388209 -0.024199533294272296
38 485.5270826466945 0.36497929473008245 0.020878452794815053 0.7027264377388209 -0.024199533294272296
38 485.5270826466945 0.36497929473008245 0.020878452794815053 0.7027264377388209 -0.024199533294272296
38 417.82822377871526 0.36497929473008245 0.020223737954281937 0.7027264377388209 -0.024199533294272296
38 485.5270826466945 0.36497929473008245 0.020878452794815053 0.7027264377388209 -0.024199533294272296
38 23397.713890569135 0.36497929473008245 0.020878452794815053 0.6302881454945014 -0.024199533294272296
38 198552.79698773348 0.36497929473008245 0.020878452794815053 0.7027264377388209 -0.06845411953717714
38 485.5270826466945 0.36497929473008245 0.020878452794815053 0.7027264377388209 -0.024199533294272296
38 485.5270826466945 0.36497929473008245 0.020878452794815053 0.7027264377388209 -0.024199533294272296
38 485.4705177740802 0.36491160699262676 0.020949748591099198 0.7027447381476222 -0.024068559195350725
38 489.0193266689964 0.36466390819073446 0.020878452794815053 0.7027264377388209 -0.024199533294272296
38 485.0459471802931 0.36497929473008245 0.020878452794815053 0.7027481094563328 -0.02419744517920064
38 357236.8408651303 0.1897455045455399 0.020878452794815053 0.7027264377388209 -0.024199533294272296
38 485.5270826466945 0.36497929473008245 0.020878452794815053 0.7027264377388209 -0.024199533294272296
39 485.5270826466945 0.36497929473008245 0.020878452794815053 0.7027264377388209 -0.024199533294272296
39 485.0459471802931 0.36497929473008245 0.020878452794815053 0.7027481094563328 -0.02419744517920064
39 1408543.5679071823 0.2600537872697935 0.021514681486104567 0.7027264377388209 -0.05626870335762185
39 357236.8408651303 0.1897455045455399 0.020878452794815053 0.7027264377388209 -0.024199533294272296
39 384992.81546408345 0.36497929473008245 0.020878452794815053 0.45920189161914693 -0.024199533294272296
39 485.5270826466945 0.36497929473008245 0.020878452794815053 0.7027264377388209 -0.024199533294272296
39 11370.046678086439 0.43149261808005895 0.02060811862549139 0.7027445599671096 -0.02418985721257791
39 432991.6598806904 0.36497929473008245 0.020223737954281937 0.4456531387764119 -0.024199533294272296
39 485.5270826466945 0.36497929473008245 0.020878452794815053 0.7027264377388209 -0.024199533294272296
39 485.5270826466945 0.36497929473008245 0.020878452794815053 0.7027264377388209 -0.024199533294272296
39 417.93175941793504 0.36497929473008245 0.020203491546183235 0.7027264377388209 -0.024199533294272296
39 532.6427875596744 0.3645962205039466 0.021133918561110996 0.7027447381476222 -0.024068559195350725
39 415.0819448259939 0.3645962205039466 0.020297347881442395 0.7027107141926059 -0.024068559195350725
39 503.4488405358971 0.36497929473008245 0.02096296218778394 0.7027604616938343 -0.024199533294272296
39 417.88289048657646 0.36497929473008245 0.020247963592686907 0.7027264377388209 -0.024199533294272296
39 486.8591178530645 0.36497929473008245 0.020884914112320817 0.7027264377388209 -0.024199533294272296
39 489.0193266689964 0.36466390819073446 0.020878452794815053 0.7027264377388209 -0.024199533294272296
39 485.5270826466945 0.36497929473008245 0.020878452794815053 0.7027264377388209 -0.024199533294272296
39 485.4705177740802 0.36491160699262676 0.020949748591099198 0.7027447381476222 -0.024068559195350725
40 220307.82685961845 0.36497929473008245 0.02024268179732293 0.5034259753415606 -0.024199533294272296
40 8554.489464508124 0.36497929473008245 0.020229024244548845 0.6552291925318785 -0.024199533294272296
40 416.40735969157754 0.3645962205039466 0.02034772627626202 0.7027447381476222 -0.024068559195350725
40 106774.3305631074 0.36497929473008245 0.020878452794815053 0.9059509939215558 -0.024199533294272296
40 421.7791721670477 0.3650326477260466 0.020297347881442395 0.7027107141926059 -0.024068559195350725
40 411.59070641155114 0.36454286728061985 0.020203491546183235 0.7027264377388209 -0.024199533294272296
40 417.88289048657646 0.36497929473008245 0.020247963592686907 0.7027264377388209 -0.024199533294272296
40 485.5270826466945 0.36497929473008245 0.020878452794815053 0.7027264377388209 -0.024199533294272296
40 486.8591178530645 0.36497929473008245 0.020884914112320817 0.7027264377388209 -0.024199533294272296
40 486.8591178530645 0.36497929473008245 0.020884914112320817 0.7027264377388209 -0.024199533294272296
40 417.88289048657646 0.36497929473008245 0.020247963592686907 0.7027264377388209 -0.024199533294272296
40 485.5270826466945 0.36497929473008245 0.020878452794815053 0.7027264377388209 -0.024199533294272296
40 416.40735969157754 0.3645962205039466 0.02034772627626202 0.7027447381476222 -0.024068559195350725
40 489.0193266689964 0.36466390819073446 0.020878452794815053 0.7027264377388209 -0.024199533294272296
40 414.97478039673217 0.3645962205039466 0.02028137816242906 0.7027107141926059 -0.024068559195350725
40 417.83791246230373 0.36497929473008245 0.020219733519929846 0.7027264377388209 -0.024199533294272296
40 2799.835110310382 0.36497929473008245 0.020878452794815053 0.7302048610838874 -0.024199533294272296
40 464.67412754857855 0.36497929473008245 0.020767797668374128 0.7027264377388209 -0.024199533294272296
40 415.0819448259939 0.3645962205039466 0.020297347881442395 0.7027107141926059 -0.024068559195350725
41 416.116782912797 0.3645723778715733 0.02034772627626202 0.7027447540076786 -0.024068559195350725
41 271878.1966499089 0.36500313722773786 0.020767797668374128 0.7027264218787643 -0.07342059637119686
41 411.59070641155114 0.36454286728061985 0.020203491546183235 0.7027264377388209 -0.024199533294272296
41 304101.0572662208 0.202351130382261 0.020219733519929846 0.6780689161543518 -0.024199533294272296
41 417.82424933000533 0.36497929473008245 0.020231064329452906 0.7027264377388209 -0.024199533294272296
41 416.9048538069204 0.3645962205039466 0.020365882777618194 0.7027447381476222 -0.024068559195350725
41 29289.792151228885 0.4790458004719598 0.020295009438522055 0.7027107141926059 -0.024068559195350725
41 42159.02261731429 0.3650326477260466 0.020297347881442395 0.8187574236388588 -0.024068559195350725
41 421.7791721670477 0.3650326477260466 0.020297347881442395 0.7027107141926059 -0.024068559195350725
41 416.40735969157754 0.3645962205039466 0.02034772627626202 0.7027447381476222 -0.024068559195350725
41 6950.775389283231 0.32140706107633277 0.020219733519929846 0.7027264377388209 -0.024199533294272296
41 421.7791721670477 0.3650326477260466 0.020297347881442395 0.7027107141926059 -0.024068559195350725
41 416.2584132201381 0.3645962205039466 0.02034772627626202 0.7027332530614174 -0.024068559195350725
41 415.1538043450328 0.3645962205039466 0.02028137816242906 0.7027221992788104 -0.024068559195350725
41 415.2937775361772 0.3645962205039466 0.020314732484858385 0.7027107141926059 -0.024068559195350725
41 1789.547691785922 0.36454286728061985 0.023272155560549925 0.7027264377388209 -0.024199533294272296
41 410.89700801022053 0.3643001052302018 0.02028137816242906 0.7027107141926059 -0.024070341192348882
41 463.0638777150021 0.3652754076169627 0.020767797668374128 0.7027264377388209 -0.024197751412330076
41 414.97478039673217 0.3645962205039466 0.02028137816242906 0.7027107141926059 -0.024068559195350725
42 421.7791721670477 0.3650326477260466 0.020297347881442395 0.7027107141926059 -0.024068559195350725
42 421.7791721670477 0.3650326477260466 0.020297347881442395 0.7027107141926059 -0.024068559195350725
42 421.7348148736393 0.3650326477260466 0.020304264691956356 0.7027107141926059 -0.024068559195350725
42 414.9544548067671 0.3645962205039466 0.020274478182841442 0.7027107141926059 -0.024068559195350725
42 415.2937775361772 0.3645962205039466 0.020314732484858385 0.7027107141926059 -0.024068559195350725
42 414.97478039673217 0.3645962205039466 0.02028137816242906 0.7027107141926059 -0.024068559195350725
42 410.8978035439717 0.3643001052302018 0.02028137816242906 0.7027107141926059 -0.02407027356844943
42 416.904548938012 0.3645962205039466 0.020365882777618194 0.7027447381476222 -0.024068626819250427
42 416.116782912797 0.3645723778715733 0.02034772627626202 0.7027447540076786 -0.024068559195350725
42 411.59070641155114 0.36454286728061985 0.020203491546183235 0.7027264377388209 -0.024199533294272296
42 412.1607829857171 0.3643912050915377 0.02028137816242906 0.7027144664884399 -0.02406861381736733
42 413.75197442413105 0.3645051206287794 0.02028137816242906 0.7027184469829764 -0.024070286570332527
42 415.2937775361772 0.3645962205039466 0.020314732484858385 0.7027107141926059 -0.024068559195350725
42 421.7791721670477 0.3650326477260466 0.020297347881442395 0.7027107141926059 -0.024068559195350725
42 25642.640334363776 0.47039400523525926 0.02034772627626202 0.7027075837577506 -0.024068559195350725
42 428.94097068781343 0.3653897221676155 0.020295009438522055 0.7027478685824764 -0.024068559195350725
42 411.59070641155114 0.36454286728061985 0.020203491546183235 0.7027264377388209 -0.024199533294272296
42 411.59070641155114 0.36454286728061985 0.020203491546183235 0.7027264377388209 -0.024199533294272296
42 411.59070641155114 0.36454286728061985 0.020203491546183235 0.7027264377388209 -0.024199533294272296
43 4427.48614377803 0.4009107680292935 0.020223623801447918 0.7027184469829764 -0.024215447604262336
43 414.77147697385004 0.36454286728061985 0.020261368123857097 0.7027264377388209 -0.024054372558671627
43 421.740159384681 0.3650326477260466 0.020304264691956356 0.7027107141926059 -0.024068386193647456
43 410.8957604034944 0.3643001052302018 0.02028137816242906 0.7027107141926059 -0.024070446570153253
43 411.59070641155114 0.36454286728061985 0.020203491546183235 0.7027264377388209 -0.024199533294272296
43 414.6876627761634 0.3645502319101544 0.020314732484858385 0.7027107141926059 -0.024068559195350725
43 410.8753767799545 0.3643001052302018 0.02027995310777086 0.7027107141926059 -0.02407027356844943
43 1804543.38415597 0.16282198816535987 0.020275903315235776 0.6365454439156779 -0.024068559195350725
43 413.39714282859296 0.364477235121605 0.020281415254329707 0.7027207631181013 -0.024070286570332527
43 13334.09204061752 0.3650605329063313 0.020304231940552052 0.7027083980574809 -0.010166424984607014
43 410.8978035439717 0.3643001052302018 0.02028137816242906 0.7027107141926059 -0.02407027356844943
43 410.8978035439717 0.3643001052302018 0.02028137816242906 0.7027107141926059 -0.02407027356844943
43 410.163441698442 0.36444815289784405 0.0201555258365739 0.7027264377388209 -0.024199533294272296
43 550.8561921308885 0.3646909348479564 0.02120644015729641 0.7027447381476222 -0.024068626819250427
43 417.55195536301153 0.3645837220433358 0.020314732484858385 0.7027107141926059 -0.023964196632129203
43 411.147634539083 0.3645553657411186 0.020203491546183235 0.7027264377388209 -0.024303899677993873
43 414.9855008747269 0.36454286728061985 0.020203491546183235 0.7027264377388209 -0.02406941841099594
43 61849.999395635656 0.3650326477260466 0.020297347881442395 0.8479941315517278 -0.0241986741953496
43 412.1607829857171 0.3643912050915377 0.02028137816242906 0.7027144664884399 -0.02406861381736733
44 410.90028112715885 0.3643001052302018 0.020281694808055743 0.7027107141926059 -0.024070495017965765
44 410.8711230121973 0.3643001052302018 0.020279636467386477 0.7027107141926059 -0.024070225120636918
44 410.8978035439717 0.3643001052302018 0.02028137816242906 0.7027107141926059 -0.02407027356844943
44 410.8957604034944 0.3643001052302018 0.02028137816242906 0.7027107141926059 -0.024070446570153253
44 411.27254853824365 0.3643001052302018 0.020162450417271598 0.7027107141926059 -0.024072010418825424
44 412.0610508834465 0.36444815289784405 0.020274190337285388 0.7027264377388209 -0.024197796554523365
44 411.147634539083 0.3645553657411186 0.020203491546183235 0.7027264377388209 -0.024303899677993873
44 16405.921770511828 0.3645553657411186 0.020203491546183235 0.6388596385176368 -0.024303899677993873
44 414.77147697385004 0.36454286728061985 0.020261368123857097 0.7027264377388209 -0.024054372558671627
44 410.8753767799545 0.3643001052302018 0.02027995310777086 0.7027107141926059 -0.02407027356844943
44 405.45655760038636 0.36381380930975027 0.02028137816242906 0.7027115942848638 -0.024070341192348882
44 417.91589461424616 0.36493444496047106 0.0201555258365739 0.7027255576465629 -0.024199533294272296
44 410.8707190452975 0.3643001052302018 0.020279651711784755 0.7027107141926059 -0.02407027356844943
44 410.9026323048407 0.3643001052302018 0.020281679563380076 0.7027107141926059 -0.02407027356844943
44 410.8978035439717 0.3643001052302018 0.02028137816242906 0.7027107141926059 -0.02407027356844943
44 410.8753767799545 0.3643001052302018 0.02027995310777086 0.7027107141926059 -0.02407027356844943
44 409.2494409423735 0.3643852291842896 0.020203491546183235 0.7027173004228894 -0.024263223776839787
44 416.15830739455555 0.36454884318094694 0.02028137816242906 0.7027236038043714 -0.024004924916130793
44 411.59070641155114 0.36454286728061985 0.020203491546183235 0.7027264377388209 -0.024199533294272296
45 409.24358134789196 0.3643852291842896 0.020203491546183235 0.7027167495068796 -0.024263223776839787
45 410.87860400844994 0.3643001052302018 0.020279636467386477 0.7027112651086157 -0.024070225120636918
45 410.8978035439717 0.3643001052302018 0.02028137816242906 0.7027107141926059 -0.02407027356844943
45 43176.1833005161 0.3643001052302018 0.02028137816242906 0.8210552304526006 -0.02407027356844943
45 409.2494409423735 0.3643852291842896 0.020203491546183235 0.7027173004228894 -0.024263223776839787
45 409.2494409423735 0.3643852291842896 0.020203491546183235 0.7027173004228894 -0.024263223776839787
45 410.8753767799545 0.3643001052302018 0.02027995310777086 0.7027107141926059 -0.02407027356844943
45 1219.8583305233083 0.3643001052302018 0.02027995310777086 0.7027107141926059 -0.021096858299028964
45 411.71614775188027 0.36444815289784405 0.02026382738689184 0.7027264377388209 -0.024199533294272296
45 411.0889660365772 0.3643001052302018 0.020174025921784244 0.7027107141926059 -0.02407027356844943
45 410.8978035439717 0.3643001052302018 0.02028137816242906 0.7027107141926059 -0.02407027356844943
45 410.8978035439717 0.3643001052302018 0.02028137816242906 0.7027107141926059 -0.02407027356844943
45 410.8707190452975 0.3643001052302018 0.020279651711784755 0.7027107141926059 -0.02407027356844943
45 410.8753767799545 0.3643001052302018 0.02027995310777086 0.7027107141926059 -0.02407027356844943
45 410.8957604034944 0.3643001052302018 0.02028137816242906 0.7027107141926059 -0.024070446570153253
45 194009.91987392193 0.39814221333357175 0.02028137816242906 0.9475144060964505 -0.024070446570153253
45 446.0975397220167 0.36446435066330973 0.020269312069545162 0.7027107141926059 -0.023559565444097125
45 409.8276123913175 0.3643911203014062 0.020214305221112682 0.7027264377388209 -0.02428008972587531
45 409.2494409423735 0.3643852291842896 0.020203491546183235 0.7027173004228894 -0.024263223776839787
46 411.05519054623073 0.3643852291842896 0.020203491546183235 0.7027173004228894 -0.02410790598666107
46 10631.05674237945 0.42687650677191474 0.020279651711784755 0.7027107141926059 -0.024225591588638157
46 411.8982751089514 0.36427046636542093 0.020283913804132643 0.7027139429423531 -0.024263223776839787
46 412.5867833885277 0.3644148680421948 0.020201290472694942 0.7027135207571323 -0.02407027356844943
46 410.8978035439717 0.3643001052302018 0.02028137816242906 0.7027107141926059 -0.02407027356844943
46 409.8276123913175 0.3643911203014062 0.020214305221112682 0.7027264377388209 -0.02428008972587531
46 758.8621888632692 0.3643001052302018 0.02027995310777086 0.7108938752244673 -0.02407027356844943
46 410.8753767799545 0.3643001052302018 0.02027995310777086 0.7027107141926059 -0.02407027356844943
46 411.69563564156243 0.36436346209002957 0.02028137816242906 0.7027093909019134 -0.024070446570153253
46 408.63961642894543 0.36432187232404545 0.020203491546183235 0.702718623713582 -0.024263223776839787
46 150884.47091814032 0.23031113119017887 0.02292751996136005 0.7027173004228894 -0.024263223776839787
46 405.45655760038636 0.36381380930975027 0.02028137816242906 0.7027115942848638 -0.024070341192348882
46 409.3689893982188 0.3643970949166324 0.020203491546183235 0.7027173004228894 -0.024263223776839787
46 410.7241710301779 0.36428823949538414 0.02027995310777086 0.7027107141926059 -0.02407027356844943
46 440.71085626054423 0.36431656251778644 0.02027879302940872 0.7027107141926059 -0.023559565444097125
46 1015.7618845092247 0.3644478933708257 0.022254463919702618 0.7027107141926059 -0.02407027356844943
46 409.2494409423735 0.3643852291842896 0.020203491546183235 0.7027173004228894 -0.024263223776839787
46 409.24358134789196 0.3643852291842896 0.020203491546183235 0.7027167495068796 -0.024263223776839787
46 410.8753767799545 0.3643001052302018 0.02027995310777086 0.7027107141926059 -0.02407027356844943
47 405.45655760038636 0.36381380930975027 0.02028137816242906 0.7027115942848638 -0.024070341192348882
47 408.8547420708622 0.3643911203014062 0.020030406631021368 0.7027264377388209 -0.02428008972587531
47 411.6813859071365 0.36432187232404545 0.020273777979257834 0.702718623713582 -0.024263223776839787
47 3066.2085848227575 0.3643001052302018 0.020209867255840962 0.6739820439289532 -0.02407027356844943
47 90223.93125888282 0.3216239776134865 0.02028137816242906 0.9397604583134134 -0.02407027356844943
47 408.63961642894543 0.36432187232404545 0.020203491546183235 0.702718623713582 -0.024263223776839787
47 410.8978035439717 0.3643001052302018 0.02028137816242906 0.7027107141926059 -0.02407027356844943
47 410.8978035439717 0.3643001052302018 0.02028137816242906 0.7027107141926059 -0.02407027356844943
47 411.90283643457036 0.3643895293801219 0.020265384761407778 0.7027107141926059 -0.02407027356844943
47 409.57593647752765 0.36428393929767106 0.020218207954989187 0.7027173004228894 -0.02410790598666107
47 410.7241710301779 0.36428823949538414 0.02027995310777086 0.7027107141926059 -0.02407027356844943
47 758.8621888632692 0.3643001052302018 0.02027995310777086 0.7108938752244673 -0.02407027356844943
47 414.2785104161162 0.3643851666187699 0.02010314137076569 0.7027135207571323 -0.024085477971847957
47 2597605.952162446 0.10895370941613755 0.021187569157170124 0.7027173004228894 -0.024248019691120115
47 749.1089685801325 0.36438562237056327 0.02172314813387556 0.7027107141926059 -0.02407027356844943
47 414.0255214393801 0.36442573308989645 0.020146625929882936 0.7027093909019134 -0.024070446570153253
47 412.47310621926385 0.3643169908331962 0.020288680781691833 0.7027139429423531 -0.024263223776839787
47 408.0560114285236 0.36427534785611826 0.020199176384860337 0.702718623713582 -0.024263223776839787
47 412.5867833885277 0.3644148680421948 0.020201290472694942 0.7027135207571323 -0.02407027356844943
48 403.0432226762713 0.36374360956025886 0.020119729736231162 0.702712662648594 -0.024070341192348882
48 410.03003561174535 0.3644613193629538 0.020199867365652515 0.7027253693750908 -0.02428008972587531
48 414.2785104161162 0.3643851666187699 0.02010314137076569 0.7027135207571323 -0.024085477971847957
48 410.7241710301779 0.36428823949538414 0.02027995310777086 0.7027107141926059 -0.02407027356844943
48 415.6885496795253 0.36438538880175997 0.020078993406105444 0.7027250818606356 -0.024085477971847957
48 408.1251009539727 0.36439089811841585 0.020055496938165992 0.7027148766353177 -0.02428008972587531
48 408.63961642894543 0.36432187232404545 0.020203491546183235 0.702718623713582 -0.024263223776839787
48 408.0560114285236 0.36427534785611826 0.020199176384860337 0.702718623713582 -0.024263223776839787
48 131749.3349147817 0.36507372683199274 0.020203491546183235 0.9274621071878068 -0.02407324282785281
48 7209.80877643399 0.3207876396218146 0.02028137816242906 0.703386067785817 -0.024260254882941173
48 409.5685773908171 0.36428393929767106 0.02019823988768708 0.7027173004228894 -0.024107844666243272
48 2114.6616826065183 0.34880589572281284 0.021604159526152304 0.7027093909019134 -0.02407050789333956
48 408.17610888004566 0.3642911151792601 0.02019899551398196 0.7027207357755603 -0.02424114345541381
48 411.60802100222895 0.3643991007161482 0.02020147135858046 0.702711408695154 -0.024092354180675846
48 412.5867833885277 0.3644148680421948 0.020201290472694942 0.7027135207571323 -0.02407027356844943
48 408.0560114285236 0.36427534785611826 0.020199176384860337 0.702718623713582 -0.024263223776839787
48 408.63961642894543 0.36432187232404545 0.020203491546183235 0.702718623713582 -0.024263223776839787
48 2055865.9736785437 0.3643911203014062 0.021073438050417982 0.5695554488519128 -0.1716189829325104
48 411.90283643457036 0.3643895293801219 0.020265384761407778 0.7027107141926059 -0.02407027356844943
49 416.7306538221724 0.3644148680421948 0.020085027861287838 0.7027188705758269 -0.02407027356844943
49 408.0535995471228 0.36427534785611826 0.020200756162015814 0.7027132738948874 -0.024263223776839787
49 409.0880060050807 0.3643812290586322 0.02020147135858046 0.7027124434360303 -0.024251748570425863
49 410.4777289936841 0.3643397439812195 0.020203491546183235 0.7027175889727055 -0.024103829613596223
49 398.5594631246557 0.3636609565114304 0.020055496938165992 0.7027148766353177 -0.02431428865620172
49 418.0034063894709 0.3644735501602623 0.020119729736231162 0.702712662648594 -0.024036143877781524
49 131749.3349147817 0.36507372683199274 0.020203491546183235 0.9274621071878068 -0.02407324282785281
49 408.1251009539727 0.36439089811841585 0.020055496938165992 0.7027148766353177 -0.02428008972587531
49 408.0560114285236 0.36427534785611826 0.020199176384860337 0.702718623713582 -0.024263223776839787
49 403.0432226762713 0.36374360956025886 0.020119729736231162 0.702712662648594 -0.024070341192348882
49 410.96295472576304 0.36428393929767106 0.020283759126325775 0.7027173004228894 -0.024058491860699138
49 403.16622614900507 0.36381380930975027 0.02019626029409399 0.7027115942848638 -0.02411969401757222
49 411.60802100222895 0.3643991007161482 0.02020147135858046 0.702711408695154 -0.024092354180675846
49 414.2785104161162 0.3643851666187699 0.02010314137076569 0.7027135207571323 -0.024085477971847957
49 408.17610888004566 0.3642911151792601 0.02019899551398196 0.7027207357755603 -0.02424114345541381
49 408.0560114285236 0.36427534785611826 0.020199176384860337 0.702718623713582 -0.024263223776839787
49 408.63961642894543 0.36432187232404545 0.020203491546183235 0.702718623713582 -0.024263223776839787
49 408.63961642894543 0.36432187232404545 0.020203491546183235 0.702718623713582 -0.024263223776839787
49 408.63961642894543 0.36432187232404545 0.020203491546183235 0.702718623713582 -0.024263223776839787
50 408.0535995471228 0.36427534785611826 0.020200756162015814 0.7027132738948874 -0.024263223776839787
50 1064467.0745374414 0.11440987319117582 0.02019899551398196 0.9273588765091266 -0.02424114345541381
50 398.5594631246557 0.3636609565114304 0.020055496938165992 0.7027148766353177 -0.02431428865620172
50 411.60802100222895 0.3643991007161482 0.02020147135858046 0.702711408695154 -0.024092354180675846
50 403.95114405885715 0.36374360956025886 0.020119729736231162 0.702712662648594 -0.024042015949331336
50 408.82763868956556 0.36432187232404545 0.020203491546183235 0.702718623713582 -0.024291550163867942
50 414.6409284696051 0.364383770531566 0.020357063415190096 0.7027175889727055 -0.02397165801190651
50 405.18482392085843 0.3643468715679358 0.020014603501033564 0.7027148766353177 -0.02441226957247722
50 418.4290443775841 0.3643839912810848 0.020055496938165992 0.7027148766353177 -0.024059240820581917
50 411.73496584285436 0.36356090343629344 0.020283759126325775 0.7027173004228894 -0.024313540568384834
50 408.0560114285236 0.36427534785611826 0.020199176384860337 0.702718623713582 -0.024263223776839787
50 152466.48622850873 0.3636609565114304 0.020055496938165992 0.7027148766353177 -0.06430994730673262
50 409.0742638577032 0.36432187232404545 0.020213731264148715 0.7027172534569146 -0.02427707209382632
50 2854239.5289700706 0.10032245958153362 0.022576430492093544 0.7027140329052615 -0.02405649357136891
50 409.0191525887577 0.3643812290586322 0.020199240157828036 0.7027114769999478 -0.024251748570425863
50 403.21825980172605 0.36381380930975027 0.02019849151088376 0.7027125607209465 -0.02411969401757222
50 411.60802100222895 0.3643991007161482 0.02020147135858046 0.702711408695154 -0.024092354180675846
50 408.63961642894543 0.36432187232404545 0.020203491546183235 0.702718623713582 -0.024263223776839787
50 408.1251009539727 0.36439089811841585 0.020055496938165992 0.7027148766353177 -0.02428008972587531
