1.51309e-07 39.7872 0.317754 0.0217166 0.672631 -0.00127702 -7.34077 -16.7715 -0.623796 -1.36887 -2.49288 -2.40432 -0.0474135 -0.487189 -8.25043 0 
1.36448e-09 44.0439 0.321208 0.0217399 0.66901 -0.000566737 -7.36854 -16.8359 -0.903495 -1.72332 -2.45688 -2.47756 -0.0786235 -0.356249 -11.8433 0 
9.94437e-07 32.9203 0.303935 0.0222967 0.684646 -0.00458821 -7.32629 -16.6276 -0.128318 -1.30753 -2.22446 -2.19145 -0.00136507 -0.95068 -2.16261 0 
1.31551e-06 33.6742 0.294809 0.0224023 0.692592 -0.002088 -7.35479 -16.6194 -0.000234495 -2.1217 -2.18442 -1.99644 -0.0113117 -1.40474 -1.9812 0 
4.08448e-07 34.8379 0.301004 0.0220537 0.685222 -0.00366153 -7.35206 -16.6186 -0.053461 -1.48078 -2.22615 -2.12635 -0.000127647 -1.09721 -3.88318 0 
2.94246e-07 38.1284 0.291934 0.0218665 0.701543 -0.0104361 -7.37458 -16.6831 -0.126262 -3.70078 -0.149383 -1.88967 -0.055793 -1.85221 -6.29668 0 
4.96976e-06 33.379 0.299179 0.0221108 0.687789 -0.00584591 -7.35072 -16.6236 -0.0239421 -1.63835 -2.21617 -2.09288 -0.00190693 -1.19701 -2.23436 0 
3.01734e-06 35.0303 0.286858 0.0226915 0.698727 -0.00104669 -7.41578 -16.6674 -0.0764537 -3.20395 -2.01837 -1.84747 -0.0445404 -1.76172 -1.99458 0 
3.17508e-07 37.4939 0.28377 0.0225374 0.703785 -0.00690407 -7.44868 -16.7564 -0.21262 -4.22535 -2.09089 -1.7916 -0.0820339 -2.02406 -2.86226 0 
1.56824e-07 37.4253 0.282699 0.0226588 0.702237 -0.00542376 -7.46315 -16.7585 -0.184731 -4.00426 -1.95229 -1.78697 -0.0766516 -1.98876 -3.20999 0 
6.12564e-07 34.0273 0.28878 0.0226169 0.696867 -0.00117538 -7.40046 -16.6503 -0.0420953 -2.86516 -2.0455 -1.88646 -0.0334562 -1.66423 -1.4396 0 
2.0143e-05 31.2979 0.298576 0.0223152 0.688602 -0.000835411 -7.34135 -16.6095 -0.0183362 -1.68261 -2.2068 -2.07087 -0.00210697 -1.20802 -0.158309 0 
9.76332e-06 32.1173 0.291997 0.0223843 0.694402 -0.00492912 -7.3803 -16.6483 -0.0107926 -2.43301 -2.11998 -1.95358 -0.0212529 -1.53433 -0.0158155 0 
1.67991e-07 34.7822 0.302081 0.0221864 0.686416 -0.00171518 -7.32394 -16.6175 -0.0564441 -1.46276 -2.29459 -2.12943 -1.94172e-05 -1.0787 -3.81883 0 
2.26156e-06 33.4261 0.289242 0.0223121 0.695911 -0.00471909 -7.40532 -16.6697 -0.0453699 -2.89609 -2.09602 -1.89542 -0.035484 -1.68107 -0.701579 0 
2.18936e-06 35.0634 0.311099 0.0222083 0.678632 -0.00212434 -7.31945 -16.6797 -0.381514 -1.23861 -2.30261 -2.31664 -0.0205535 -0.661815 -4.14258 0 
1.45089e-05 32.786 0.307565 0.0220732 0.682481 -0.00635416 -7.31599 -16.6459 -0.199865 -1.23391 -2.33424 -2.24454 -0.00536365 -0.847198 -1.95908 0 
1.06921e-07 35.3212 0.29129 0.0223007 0.693155 -0.00281569 -7.39532 -16.641 -0.0134529 -2.48283 -2.0878 -1.93961 -0.0222277 -1.54686 -3.1921 0 
1.52248e-06 35.5544 0.289429 0.0221462 0.696767 -0.00683722 -7.40249 -16.683 -0.0633115 -3.08515 -2.16683 -1.88698 -0.0413195 -1.73261 -2.49277 0 
1.29723e-06 34.1036 0.295992 0.0225642 0.691025 -0.000955876 -7.35114 -16.6118 -0.005551 -1.84096 -2.11643 -2.03437 -0.00525767 -1.29231 -2.84573 0 
2.41075e-08 42.4086 0.273472 0.0225466 0.709297 -0.0060058 -7.58555 -16.9548 -0.664591 -6.70781 -1.90242 -1.63092 -0.182577 -2.51975 -4.26021 0 
2.36814e-06 34.9504 0.289169 0.0224818 0.697562 -0.00435935 -7.39607 -16.6679 -0.050001 -2.94987 -2.11012 -1.89028 -0.0367196 -1.69297 -2.15651 0 
4.3042e-06 32.039 0.295679 0.022396 0.691083 -0.00387083 -7.35818 -16.624 -0.00242178 -1.91215 -2.13889 -2.02996 -0.00720149 -1.33094 -0.635211 0 
6.87271e-07 34.3725 0.295273 0.0224395 0.69158 -0.00531531 -7.36184 -16.6318 -0.00212519 -1.91889 -2.11004 -2.03004 -0.00784622 -1.34148 -2.96848 0 
1.80316e-06 35.4292 0.3041 0.0218999 0.687236 -0.00855922 -7.30977 -16.6318 -0.0556391 -1.46668 -2.41361 -2.14848 -6.55569e-05 -1.08755 -4.31565 0 
1.41439e-05 33.277 0.295169 0.0221838 0.691714 -0.00659256 -7.36521 -16.6382 -1.60845e-05 -2.0765 -2.1817 -2.01268 -0.0114462 -1.40308 -1.58819 0 
4.12216e-07 33.2953 0.300525 0.0224112 0.688488 -0.00220999 -7.32307 -16.6148 -0.0414169 -1.53118 -2.23809 -2.10995 -0.00040105 -1.12572 -2.31067 0 
2.88823e-06 34.0907 0.310418 0.0223664 0.681127 -0.00383685 -7.29908 -16.6704 -0.338785 -1.22542 -2.31667 -2.30367 -0.0163848 -0.700403 -3.21982 0 
7.39983e-07 34.671 0.309466 0.0224152 0.681587 -0.00399802 -7.30293 -16.6616 -0.317368 -1.22878 -2.27782 -2.29342 -0.0142269 -0.722469 -3.8524 0 
5.24854e-06 32.7833 0.293595 0.0225354 0.693814 -0.00270008 -7.36161 -16.6271 -0.00157429 -2.2006 -2.13389 -1.98172 -0.0139374 -1.44246 -1.02045 0 
3.40167e-06 35.4185 0.295453 0.0226819 0.692999 -0.00471355 -7.34861 -16.6284 -0.00349679 -1.88153 -2.10334 -2.03472 -0.00690492 -1.32371 -4.08778 0 
1.71338e-07 36.8257 0.306443 0.0225333 0.685395 -0.0049688 -7.29584 -16.6396 -0.191247 -1.24406 -2.27249 -2.23374 -0.00474937 -0.859186 -6.08482 0 
1.0014e-06 35.7143 0.290476 0.0226958 0.696214 -0.00369592 -7.38593 -16.6522 -0.0154375 -2.5069 -2.0389 -1.93387 -0.0239609 -1.56468 -3.59244 0 
8.57475e-06 34.4928 0.293259 0.0226704 0.69384 -0.000838255 -7.36349 -16.6199 -0.000914316 -2.16703 -2.08853 -1.97884 -0.0129365 -1.42868 -2.83255 0 
5.32739e-07 34.6712 0.309097 0.0224603 0.682114 -0.00102335 -7.29724 -16.661 -0.286451 -1.20399 -2.29699 -2.27389 -0.0125995 -0.743409 -3.8956 0 
1.1201e-06 35.4188 0.304719 0.0225641 0.685939 -0.00454688 -7.30602 -16.6307 -0.155602 -1.27728 -2.2205 -2.2091 -0.00259651 -0.909964 -4.70707 0 
2.77674e-07 32.9662 0.306473 0.0220932 0.684257 -0.00696648 -7.30944 -16.6397 -0.150742 -1.26958 -2.35155 -2.21803 -0.00252951 -0.91256 -2.11209 0 
2.51615e-06 34.8291 0.301616 0.022252 0.692333 -0.0090089 -7.30359 -16.6299 -0.0180335 -1.6855 -2.38263 -2.09479 -0.00234675 -1.21387 -3.4985 0 
3.70243e-06 32.7554 0.297808 0.0223988 0.692485 -0.0073712 -7.33231 -16.6312 -0.00591636 -1.83409 -2.23428 -2.05833 -0.00557692 -1.29665 -1.3571 0 
5.03742e-07 33.3969 0.304267 0.0220786 0.68423 -0.00619862 -7.33094 -16.6303 -0.115301 -1.32426 -2.27473 -2.18866 -0.000879645 -0.97188 -2.55993 0 
1.34366e-06 34.3154 0.298014 0.0220905 0.696624 -0.0100091 -7.3246 -16.6398 -0.00494891 -2.33531 -0.182254 -1.90983 -0.0159812 -1.47203 -4.43065 0 
1.07013e-06 34.2979 0.307326 0.0219983 0.681963 -0.00650703 -7.32505 -16.6444 -0.194751 -1.23862 -2.32474 -2.24159 -0.00497705 -0.854445 -3.46931 0 
1.27441e-06 33.7377 0.314854 0.0220879 0.676367 -0.00249743 -7.31452 -16.7243 -0.523439 -1.31379 -2.39718 -2.37186 -0.0350925 -0.555045 -2.50249 0 
2.57375e-06 33.791 0.308298 0.0223134 0.682832 -0.0045378 -7.30161 -16.6518 -0.241007 -1.2167 -2.31853 -2.26107 -0.00841784 -0.796794 -2.99505 0 
7.66299e-07 33.4415 0.29314 0.0224946 0.692964 -0.00247238 -7.37227 -16.6282 -0.00134893 -2.18701 -2.09308 -1.97967 -0.0139114 -1.44147 -1.72453 0 
2.6347e-06 32.1312 0.294891 0.0224174 0.691602 -0.00293128 -7.36197 -16.6228 -0.000375995 -2.00292 -2.13056 -2.01199 -0.00913924 -1.36712 -0.624416 0 
1.60707e-05 32.372 0.298608 0.0223907 0.691263 -0.00699169 -7.33062 -16.628 -0.0142941 -1.72201 -2.22555 -2.07835 -0.0033774 -1.24277 -1.12707 0 
3.07552e-06 31.9003 0.302535 0.0221851 0.68663 -0.00619653 -7.32468 -16.6258 -0.0711112 -1.42161 -2.27228 -2.15265 -1.55636e-06 -1.0575 -0.974616 0 
2.43157e-06 32.3701 0.299568 0.0221718 0.689217 -0.00662453 -7.3347 -16.6255 -0.0204622 -1.66495 -2.26079 -2.09176 -0.00225913 -1.2097 -1.16007 0 
8.24141e-07 33.563 0.303203 0.0222348 0.6857 -0.0015127 -7.31879 -16.6213 -0.0820685 -1.38096 -2.29311 -2.15293 -0.000218084 -1.02022 -2.69341 0 
9.94124e-06 32.2279 0.293888 0.0223912 0.693519 -0.00529881 -7.36403 -16.6384 -0.0016334 -2.19992 -2.15459 -1.98933 -0.0145411 -1.44921 -0.416182 0 
2.75585e-06 33.9523 0.289818 0.0222767 0.694959 -0.00451663 -7.40402 -16.6631 -0.0345616 -2.77367 -2.09407 -1.90861 -0.0316013 -1.64438 -1.39836 0 
4.88838e-07 33.2214 0.287925 0.0224751 0.697242 -0.00113462 -7.40931 -16.6577 -0.0679813 -3.13691 -2.07567 -1.86029 -0.0413433 -1.7359 -0.236261 0 
2.42424e-06 36.096 0.280376 0.0225647 0.704595 -0.00599632 -7.48987 -16.8044 -0.303964 -4.77709 -1.98514 -1.7419 -0.104567 -2.15392 -0.735088 0 
1.37058e-06 36.2893 0.283214 0.0227439 0.702613 -0.00386444 -7.45235 -16.7356 -0.177238 -3.97164 -1.98306 -1.78881 -0.0733468 -1.96937 -2.13795 0 
5.89492e-07 35.3524 0.294998 0.0226126 0.693735 -0.00370062 -7.34802 -16.6257 -0.000131672 -2.02862 -2.15298 -2.01146 -0.00976409 -1.3776 -3.79816 0 
6.33042e-08 35.3479 0.290005 0.0226171 0.697385 -0.00348917 -7.3858 -16.6547 -0.0324813 -2.7534 -2.10059 -1.90944 -0.030353 -1.63313 -2.84795 0 
9.58039e-08 37.4518 0.282951 0.0221921 0.705377 -0.00884537 -7.46329 -16.7902 -0.329617 -4.99376 -2.19485 -1.76439 -0.107772 -2.17365 -1.63428 0 
7.51839e-08 36.9655 0.285225 0.0224123 0.701883 -0.0067978 -7.43398 -16.7338 -0.168246 -3.92684 -2.11567 -1.81577 -0.0707041 -1.95204 -2.74851 0 
3.22023e-07 35.8888 0.286978 0.022296 0.696837 -0.00422901 -7.42941 -16.6897 -0.0830451 -3.25434 -2.04975 -1.85155 -0.0476057 -1.78439 -2.69894 0 
4.76873e-08 38.8471 0.291815 0.0222059 0.695448 -0.00790098 -7.38352 -16.6679 -0.023072 -2.62661 -2.16231 -1.9384 -0.0274927 -1.60183 -6.41599 0 
4.13304e-09 38.6085 0.295118 0.022324 0.695973 -0.00780801 -7.34467 -16.6442 -0.00584962 -2.34155 -2.28964 -1.98701 -0.0175879 -1.4908 -6.4872 0 
3.0515e-05 32.1617 0.301195 0.0223106 0.687648 -0.00432238 -7.32588 -16.6202 -0.0526674 -1.48374 -2.24331 -2.12814 -0.000147359 -1.09963 -1.20801 0 
9.24578e-09 40.2171 0.2742 0.0225683 0.709356 -0.006141 -7.57404 -16.9386 -0.633564 -6.56113 -1.92694 -1.64075 -0.175839 -2.49223 -2.27395 0 
2.26844e-06 34.2791 0.293229 0.0221134 0.695277 -0.00812165 -7.36823 -16.658 -0.0188339 -2.57718 -2.2424 -1.95264 -0.0248933 -1.57568 -1.86128 0 
7.95144e-06 35.8934 0.284461 0.0220884 0.707518 -0.00999639 -7.45415 -16.7769 -0.37115 -5.30026 -0.0970075 -1.75154 -0.114077 -2.20987 -1.81844 0 
1.44184e-07 35.3962 0.289723 0.0220444 0.704957 -0.0103789 -7.40088 -16.7062 -0.200004 -4.24979 -0.130574 -1.84211 -0.0739302 -1.97837 -2.81428 0 
8.80162e-06 33.4315 0.292564 0.0222721 0.696311 -0.00755322 -7.36892 -16.6596 -0.0217394 -2.61749 -2.22024 -1.94537 -0.0262567 -1.59021 -0.981671 0 
2.24182e-07 35.2268 0.290494 0.0222171 0.698751 -0.00805921 -7.38416 -16.681 -0.0664327 -3.12762 -2.24268 -1.89619 -0.041717 -1.73677 -2.05023 0 
1.85501e-08 35.6056 0.281858 0.0224389 0.704006 -0.00709512 -7.47357 -16.7901 -0.274992 -4.6125 -2.0488 -1.75947 -0.0974949 -2.11468 -0.434002 0 
6.45177e-08 37.7178 0.298921 0.0222033 0.689043 -0.00145137 -7.33457 -16.6113 -0.0123509 -1.74484 -2.27659 -2.06516 -0.0028896 -1.23402 -6.43613 0 
3.18261e-06 34.6425 0.304734 0.0219889 0.682141 -0.0012857 -7.34122 -16.6285 -0.126332 -1.29308 -2.28648 -2.18592 -0.00173135 -0.940642 -3.83857 0 
1.67611e-05 32.2879 0.297659 0.0224189 0.689455 -0.00246466 -7.3464 -16.6146 -0.015913 -1.70547 -2.156 -2.06653 -0.00280432 -1.2283 -1.1519 0 
2.60606e-06 33.499 0.310401 0.0223127 0.680713 -0.00455042 -7.30482 -16.6693 -0.342904 -1.23286 -2.30808 -2.30669 -0.0164664 -0.698979 -2.61891 0 
3.08233e-06 31.5617 0.305156 0.0222549 0.683876 -0.00309498 -7.31899 -16.6319 -0.147477 -1.27313 -2.27092 -2.20312 -0.00251924 -0.914128 -0.799555 0 
6.38353e-06 32.9009 0.308568 0.0220596 0.680972 -0.00535196 -7.3213 -16.6532 -0.246415 -1.21761 -2.32709 -2.26599 -0.0086996 -0.792188 -2.06834 0 
3.11966e-06 32.5226 0.308439 0.0222928 0.68154 -0.00268041 -7.31103 -16.654 -0.262544 -1.21216 -2.29032 -2.26605 -0.0102603 -0.771594 -1.7446 0 
3.35324e-06 34.8517 0.308657 0.0220159 0.679685 -0.00367527 -7.33369 -16.6551 -0.262983 -1.21327 -2.30661 -2.26922 -0.0101726 -0.772345 -4.02833 0 
1.93321e-07 37.434 0.311641 0.0219166 0.676661 -0.00151183 -7.34079 -16.6865 -0.378012 -1.22135 -2.34814 -2.31569 -0.020846 -0.660312 -6.46238 0 
8.27523e-08 35.8337 0.30371 0.0220498 0.684464 -0.00136593 -7.32553 -16.6234 -0.0834071 -1.37452 -2.32884 -2.15591 -0.000286504 -1.01442 -4.9274 0 
3.06691e-08 34.6 0.300827 0.0222304 0.692649 -0.00885072 -7.30828 -16.63 -0.0111712 -1.7591 -2.38108 -2.08185 -0.00355776 -1.24988 -3.17513 0 
1.5324e-06 34.6798 0.300545 0.0220086 0.690791 -0.008457 -7.31825 -16.6293 -0.00982491 -1.77679 -2.38663 -2.08052 -0.00384534 -1.25768 -3.21696 0 
3.0702e-06 34.0225 0.302238 0.0219834 0.687864 -0.0078804 -7.32107 -16.6281 -0.0390446 -1.54301 -2.35439 -2.12654 -0.000599359 -1.1377 -2.87201 0 
5.59834e-07 35.5258 0.315407 0.0220589 0.675239 -0.00286349 -7.32582 -16.7308 -0.576884 -1.3743 -2.37377 -2.38913 -0.0401078 -0.524255 -4.19072 0 
3.51264e-08 41.3216 0.304525 0.0222284 0.690493 -0.00959349 -7.28994 -16.6333 -0.0554298 -1.46752 -2.36504 -2.13017 -7.31472e-05 -1.08871 -10.2915 0 
1.55502e-06 32.4145 0.294282 0.0223327 0.692218 -0.00539653 -7.36906 -16.6369 -0.000120647 -2.09781 -2.13296 -2.00287 -0.0121007 -1.41315 -0.749557 0 
3.72754e-05 31.5689 0.303484 0.0223448 0.685429 -0.00232972 -7.31945 -16.6234 -0.106419 -1.33334 -2.24658 -2.17153 -0.00077085 -0.979809 -0.787534 0 
1.33175e-07 37.3296 0.284694 0.022267 0.703892 -0.00821382 -7.44107 -16.7552 -0.241068 -4.44328 -2.20464 -1.80033 -0.0874533 -2.05835 -2.29828 0 
1.24472e-07 38.39 0.279927 0.0223682 0.703607 -0.00477699 -7.49694 -16.7991 -0.340253 -5.01585 -2.01645 -1.72871 -0.111247 -2.19169 -2.68977 0 
2.70503e-07 36.8376 0.287097 0.0224076 0.698951 -0.00454241 -7.41592 -16.6907 -0.098661 -3.40058 -2.10512 -1.84675 -0.0514494 -1.8155 -3.41292 0 
1.15814e-07 37.3587 0.29249 0.0227005 0.695013 -0.00532002 -7.37128 -16.6471 -0.00185593 -2.20018 -2.05071 -1.98058 -0.0156041 -1.46175 -5.62961 0 
1.19644e-06 32.0681 0.293484 0.0224666 0.693284 -0.00175557 -7.36511 -16.6231 -0.00228837 -2.23212 -2.1384 -1.97568 -0.0144 -1.44993 -0.267038 0 
3.05625e-06 33.2207 0.301611 0.0221704 0.686839 -0.00660295 -7.33381 -16.6253 -0.0590739 -1.46308 -2.241 -2.13993 -8.74495e-05 -1.08928 -2.26913 0 
2.65284e-06 35.3994 0.287293 0.0222657 0.699097 -0.00748026 -7.41974 -16.7123 -0.105201 -3.44308 -2.11692 -1.84971 -0.0544586 -1.83642 -1.86154 0 
3.05357e-06 34.086 0.313769 0.0221866 0.678133 -0.00553444 -7.30677 -16.7023 -0.483224 -1.31047 -2.3638 -2.36384 -0.0295305 -0.589907 -2.93614 0 
4.20193e-05 32.2353 0.308682 0.0221823 0.68116 -0.00210983 -7.31217 -16.6565 -0.250599 -1.20233 -2.33021 -2.26082 -0.00971886 -0.779951 -1.43302 0 
6.01323e-06 32.4525 0.305298 0.0221305 0.683461 -0.00283897 -7.32159 -16.6325 -0.136991 -1.27983 -2.3061 -2.19762 -0.00213491 -0.926426 -1.64928 0 
4.41782e-06 32.9775 0.296879 0.0221548 0.688853 -0.00132717 -7.35972 -16.6117 -0.00429125 -1.86895 -2.20032 -2.0365 -0.00543643 -1.29765 -1.59289 0 
2.80618e-06 32.4353 0.292693 0.0223322 0.692628 -0.000955734 -7.37854 -16.623 -0.00620873 -2.34766 -2.12966 -1.95745 -0.0172473 -1.48876 -0.486776 0 
9.17539e-08 37.2041 0.30391 0.0219946 0.69297 -0.00999633 -7.28915 -16.6324 -0.013109 -1.73965 -0.240939 -1.91322 -0.0025703 -1.22427 -8.14881 0 
5.8515e-05 32.4154 0.29383 0.0224248 0.693969 -0.00648323 -7.36441 -16.6449 -0.00150692 -2.19108 -2.1403 -1.99182 -0.0147979 -1.45158 -0.614954 0 
6.0099e-07 34.4301 0.30597 0.0224179 0.683948 -0.0048529 -7.31298 -16.6369 -0.195011 -1.24955 -2.23067 -2.2336 -0.00480254 -0.857416 -3.70917 0 
1.46323e-10 52.0928 0.321275 0.0222309 0.670599 -0.000291836 -7.33971 -16.8386 -1.02498 -1.95144 -2.35338 -2.50448 -0.0908786 -0.315515 -19.6738 0 
3.20402e-06 32.1702 0.299792 0.0223974 0.689441 -0.00566611 -7.32837 -16.6227 -0.0332352 -1.57833 -2.21591 -2.10617 -0.00107558 -1.16266 -1.12175 0 
1.87258e-06 32.7325 0.310417 0.0222066 0.68022 -0.00277336 -7.30746 -16.6718 -0.320844 -1.20743 -2.34478 -2.29485 -0.0153709 -0.712022 -1.85795 0 
8.24607e-07 35.0097 0.296108 0.0220577 0.690868 -0.00707397 -7.36229 -16.6361 -0.000165164 -2.02413 -2.2195 -2.02487 -0.00994138 -1.37925 -3.35352 0 
2.30439e-07 32.7638 0.290693 0.0224963 0.694908 -0.00124788 -7.38789 -16.6362 -0.019976 -2.59097 -2.08395 -1.92257 -0.0247147 -1.57606 -0.52145 0 
1.33948e-06 34.5689 0.312411 0.0219503 0.677421 -0.00456951 -7.32728 -16.6893 -0.401205 -1.24367 -2.375 -2.33243 -0.0222319 -0.646871 -3.53084 0 
1.0018e-06 34.2918 0.31523 0.0221715 0.676015 -0.00125847 -7.31408 -16.733 -0.563326 -1.34978 -2.37426 -2.38146 -0.0394238 -0.529134 -3.00734 0 
6.25309e-07 36.9188 0.304497 0.0218411 0.686959 -0.00878472 -7.30892 -16.6328 -0.0573999 -1.45894 -2.42918 -2.15052 -3.83144e-05 -1.0819 -5.79908 0 
4.09131e-06 34.8611 0.298053 0.0220781 0.698306 -0.0102975 -7.32589 -16.6406 -0.0126758 -2.51388 -0.187917 -1.92724 -0.0197954 -1.52176 -4.71132 0 
7.13793e-08 36.494 0.318396 0.0220126 0.675765 -0.00708304 -7.30114 -16.7579 -0.663403 -1.45685 -2.48581 -2.4276 -0.0488578 -0.476617 -4.87587 0 
1.18125e-06 35.2385 0.307083 0.0219263 0.685282 -0.0085939 -7.2986 -16.6421 -0.121257 -1.29902 -2.44047 -2.20418 -0.00132822 -0.953589 -4.27788 0 
3.45821e-08 35.7462 0.309853 0.0220218 0.684933 -0.00898961 -7.28008 -16.6579 -0.186092 -1.22067 -2.48606 -2.24473 -0.00494786 -0.856734 -4.80891 0 
1.63544e-06 34.5497 0.312062 0.0220105 0.679399 -0.00699019 -7.31005 -16.6804 -0.362463 -1.23208 -2.39308 -2.32313 -0.0182159 -0.681649 -3.54857 0 
1.17819e-05 34.1121 0.30893 0.0219751 0.679836 -0.00448603 -7.33032 -16.6567 -0.260114 -1.21172 -2.33236 -2.27086 -0.00993593 -0.775403 -3.26472 0 
5.82482e-07 32.8708 0.302316 0.0221704 0.685052 -0.00405027 -7.33897 -16.6219 -0.0826029 -1.3905 -2.22696 -2.15522 -0.000102215 -1.03113 -2.02343 0 
2.67933e-07 34.6595 0.31646 0.0221862 0.675886 -0.00180555 -7.30604 -16.7495 -0.612277 -1.38998 -2.41037 -2.39901 -0.0447815 -0.499479 -3.24807 0 
2.4081e-06 33.737 0.290907 0.022357 0.694012 -0.00303 -7.3938 -16.645 -0.0175795 -2.5493 -2.08717 -1.93159 -0.0242593 -1.56953 -1.5188 0 
6.19141e-08 37.8002 0.281584 0.022479 0.703018 -0.00347317 -7.47262 -16.757 -0.270339 -4.60732 -2.03758 -1.7524 -0.0942695 -2.09897 -2.7097 0 
7.38501e-07 37.366 0.293063 0.0219813 0.692544 -0.006693 -7.38565 -16.651 -0.0116231 -2.45393 -2.19971 -1.96215 -0.021501 -1.53745 -5.14293 0 
2.4008e-08 41.9577 0.318407 0.0217181 0.672634 -0.000467143 -7.33325 -16.7854 -0.635994 -1.36428 -2.52603 -2.40764 -0.0496069 -0.47696 -10.3785 0 
1.0656e-08 42.6032 0.317903 0.0219405 0.679713 -0.00959636 -7.2689 -16.738 -0.491891 -1.25921 -2.54831 -2.36352 -0.0320467 -0.574448 -11.3268 0 
2.08823e-09 43.8657 0.329366 0.0217244 0.666204 -0.00528357 -7.3573 -16.9845 -1.42346 -2.5203 -2.62523 -2.60296 -0.141503 -0.193914 -10.0165 0 
1.67057e-08 44.3684 0.327929 0.0216047 0.665173 -0.00350418 -7.38419 -16.9635 -1.34575 -2.38994 -2.5813 -2.58345 -0.132203 -0.212667 -10.7754 0 
1.67612e-07 40.492 0.300661 0.0220184 0.699402 -0.0113551 -7.27053 -16.6351 -0.00912171 -2.46323 -0.271034 -2.16718 -0.0169348 -1.48833 -10.1705 0 
1.80888e-07 36.7172 0.306464 0.02213 0.689153 -0.0092452 -7.28125 -16.6391 -0.080384 -1.38112 -2.47595 -2.17085 -0.00015938 -1.02526 -5.66307 0 
6.54612e-07 35.2808 0.315567 0.0222102 0.677181 -0.00418635 -7.30071 -16.729 -0.5629 -1.36013 -2.40315 -2.38855 -0.0384682 -0.533398 -3.9645 0 
6.19021e-07 34.4791 0.29063 0.02241 0.700714 -0.00872042 -7.38138 -16.6843 -0.0678524 -3.14011 -2.23697 -1.8932 -0.0423059 -1.74145 -1.29161 0 
3.31922e-06 35.4191 0.290536 0.0220238 0.704099 -0.0103344 -7.39153 -16.6967 -0.171777 -4.04968 -0.133955 -1.83562 -0.0670928 -1.93299 -3.1397 0 
6.52653e-07 37.6544 0.280191 0.022384 0.703463 -0.00584794 -7.49608 -16.8062 -0.318641 -4.87061 -1.99612 -1.73705 -0.107574 -2.17067 -2.15139 0 
6.86538e-08 38.4045 0.281647 0.0222476 0.703874 -0.00720195 -7.4772 -16.795 -0.317437 -4.89227 -2.10694 -1.75399 -0.106133 -2.16384 -2.79168 0 
2.44425e-07 36.9649 0.284026 0.0221743 0.70459 -0.00867893 -7.45005 -16.7704 -0.288961 -4.7539 -2.22322 -1.7846 -0.0981927 -2.12109 -1.47447 0 
6.65178e-07 36.4971 0.286487 0.0219845 0.705619 -0.0100771 -7.42957 -16.7463 -0.294258 -4.84733 -0.107422 -1.77497 -0.0966382 -2.11501 -3.08566 0 
1.5854e-06 34.0871 0.285665 0.0225073 0.699527 -0.00317229 -7.42993 -16.6967 -0.119418 -3.56309 -2.04742 -1.82251 -0.057185 -1.85903 -0.491787 0 
5.74533e-08 38.1404 0.292581 0.0222206 0.700591 -0.00993432 -7.36718 -16.6739 -0.0621879 -3.10519 -0.145698 -1.87534 -0.0395524 -1.7193 -7.15202 0 
4.56242e-07 35.8649 0.285133 0.0223013 0.6996 -0.00641689 -7.44355 -16.7317 -0.144585 -3.73953 -2.05511 -1.81664 -0.06542 -1.91534 -1.95306 0 
1.49229e-06 35.0191 0.286238 0.0226282 0.701306 -0.0069175 -7.42327 -16.721 -0.109595 -3.46515 -2.05219 -1.83615 -0.0563725 -1.84989 -1.50547 0 
1.52554e-06 35.1041 0.286092 0.0225979 0.699085 -0.00424315 -7.42797 -16.7002 -0.0907726 -3.31074 -2.00218 -1.84311 -0.0504871 -1.80624 -1.87239 0 
4.23867e-07 38.0353 0.29948 0.0225903 0.692307 -0.00779136 -7.31846 -16.6289 -0.0241978 -1.63721 -2.21768 -2.09671 -0.00202983 -1.20021 -6.90992 0 
2.9737e-07 36.2387 0.31078 0.0224538 0.680382 -0.00191876 -7.3013 -16.6766 -0.379045 -1.24174 -2.282 -2.31447 -0.0202062 -0.664735 -5.35854 0 
1.979e-06 33.3186 0.293024 0.0223227 0.697712 -0.00848221 -7.36179 -16.6616 -0.0247325 -2.66339 -2.25163 -1.94298 -0.0273456 -1.60186 -0.783264 0 
5.48748e-06 32.4804 0.29071 0.0224042 0.696365 -0.00631696 -7.38717 -16.6671 -0.0277078 -2.68675 -2.12224 -1.92527 -0.0293491 -1.62111 -0.0136552 0 
1.91617e-06 33.9437 0.29274 0.0226482 0.694768 -0.00187272 -7.36518 -16.6273 -0.00393173 -2.28263 -2.10702 -1.96601 -0.0160928 -1.47237 -2.10319 0 
5.05826e-07 37.4911 0.315078 0.0224082 0.677166 -0.00100552 -7.3006 -16.7316 -0.585922 -1.38364 -2.33526 -2.38693 -0.0413747 -0.517599 -6.20822 0 
6.24012e-07 37.3382 0.29557 0.0226949 0.693515 -0.00165179 -7.34148 -16.6154 -0.00110025 -1.96336 -2.15778 -2.01787 -0.00773699 -1.34343 -5.8901 0 
1.07824e-06 33.0255 0.296309 0.0224646 0.691435 -0.000238683 -7.34422 -16.6088 -0.00211998 -1.92695 -2.18877 -2.02349 -0.00646654 -1.32031 -1.60442 0 
7.93752e-07 35.0245 0.283397 0.0225422 0.701252 -0.00221535 -7.45214 -16.7182 -0.187927 -4.06875 -2.02227 -1.78275 -0.074335 -1.97805 -0.740002 0 
3.8723e-06 33.0784 0.291405 0.022287 0.694224 -0.00388624 -7.38712 -16.6464 -0.0188438 -2.57293 -2.13428 -1.93512 -0.0246681 -1.57423 -0.784816 0 
4.81737e-06 33.6565 0.295048 0.0221536 0.69005 -0.000106484 -7.36979 -16.6108 -6.42625e-05 -2.10048 -2.18573 -1.99579 -0.0102566 -1.38951 -1.99413 0 
1.32806e-05 33.2547 0.297546 0.0223759 0.69037 -0.00144242 -7.33927 -16.6114 -0.0073835 -1.81171 -2.21613 -2.04812 -0.00428356 -1.27073 -1.94569 0 
8.21078e-07 32.8211 0.292872 0.0225203 0.693491 -0.00229314 -7.37159 -16.6287 -0.00262617 -2.23926 -2.09756 -1.97216 -0.0151802 -1.45949 -1.03454 0 
2.74511e-06 33.9907 0.307843 0.0223322 0.682806 -0.0009476 -7.30143 -16.65 -0.217767 -1.2073 -2.32514 -2.24159 -0.00748097 -0.813903 -3.22603 0 
7.21059e-06 32.9687 0.301534 0.0223958 0.686869 -0.00456229 -7.32977 -16.6212 -0.0756752 -1.41285 -2.18948 -2.14822 -1.24523e-05 -1.05012 -2.14136 0 
4.79957e-07 34.3773 0.311127 0.0223253 0.680416 -0.00136478 -7.29736 -16.6811 -0.349767 -1.20763 -2.35177 -2.3042 -0.0183658 -0.68308 -3.48394 0 
8.29166e-06 32.5083 0.302644 0.0224125 0.685746 -0.00110747 -7.32362 -16.6186 -0.0955345 -1.35608 -2.21184 -2.15838 -0.000454999 -0.999198 -1.74457 0 
6.76018e-07 34.5031 0.302234 0.0221942 0.684524 -0.00167075 -7.34186 -16.6179 -0.0845918 -1.38225 -2.21359 -2.15065 -0.000186968 -1.02193 -3.69016 0 
2.85949e-06 34.2938 0.293913 0.0223275 0.692656 -0.000256241 -7.36285 -16.6147 -0.00361799 -2.28578 -2.19029 -1.97021 -0.0147492 -1.45716 -2.39438 0 
5.92728e-06 33.3413 0.298426 0.0220825 0.689017 -0.00656435 -7.3495 -16.627 -0.0114872 -1.7533 -2.23702 -2.0722 -0.00386219 -1.25634 -2.03069 0 
5.56583e-07 33.5987 0.293654 0.0221554 0.694 -0.00710754 -7.36794 -16.6494 -0.00891528 -2.40298 -2.21791 -1.97114 -0.019956 -1.51917 -1.44131 0 
1.2874e-06 33.9282 0.292278 0.0222824 0.693598 -0.0060034 -7.38515 -16.6526 -0.00850392 -2.38457 -2.11649 -1.96188 -0.0203164 -1.52227 -1.87642 0 
1.03103e-06 33.6589 0.291948 0.0226031 0.694484 -0.00154916 -7.37551 -16.63 -0.00676369 -2.35332 -2.07895 -1.95317 -0.0182013 -1.49941 -1.74367 0 
6.15266e-06 34.3154 0.313135 0.0222788 0.678994 -0.00481712 -7.30066 -16.6969 -0.456796 -1.28854 -2.35278 -2.35259 -0.0271324 -0.607609 -3.23237 0 
7.93544e-06 32.5749 0.297721 0.0225177 0.690543 -0.00420478 -7.33958 -16.6203 -0.0168478 -1.69679 -2.15441 -2.07246 -0.00286734 -1.22874 -1.44298 0 
1.27899e-06 32.8053 0.298396 0.0222517 0.688522 -0.00510589 -7.35101 -16.6222 -0.0211591 -1.65997 -2.17616 -2.08392 -0.00228202 -1.20994 -1.67861 0 
2.64781e-06 32.9054 0.304138 0.0223166 0.684021 -0.00116156 -7.32541 -16.6253 -0.131674 -1.29253 -2.22984 -2.18617 -0.00182863 -0.936341 -2.17632 0 
3.36941e-06 33.8892 0.296753 0.022524 0.690812 -0.00431863 -7.34852 -16.6227 -0.0112342 -1.7557 -2.12189 -2.05868 -0.0040881 -1.26162 -2.70475 0 
8.55493e-06 32.2698 0.297915 0.0224004 0.691555 -0.0068817 -7.33563 -16.6292 -0.00999635 -1.77182 -2.20812 -2.06721 -0.00437755 -1.26858 -0.974934 0 
1.58479e-06 35.3716 0.3038 0.0223464 0.684227 -0.00263634 -7.3289 -16.6251 -0.133603 -1.29785 -2.20262 -2.18937 -0.00170035 -0.9392 -4.65329 0 
3.83337e-07 35.4376 0.291697 0.0223062 0.69618 -0.00776265 -7.3802 -16.668 -0.0234106 -2.63082 -2.15797 -1.93741 -0.0276494 -1.60344 -3.0087 0 
3.4119e-08 37.1594 0.284691 0.0225045 0.704163 -0.00842143 -7.4416 -16.7573 -0.201092 -4.14848 -2.11222 -1.80085 -0.0794966 -2.00779 -2.61062 0 
3.10123e-08 36.775 0.302987 0.0223944 0.688002 -0.00574876 -7.30792 -16.6261 -0.0786551 -1.39854 -2.28487 -2.15921 -5.59434e-05 -1.03893 -5.88069 0 
4.97545e-06 34.6217 0.308868 0.0223225 0.682183 -0.00142837 -7.29893 -16.6586 -0.252772 -1.1972 -2.33971 -2.26085 -0.0100976 -0.775426 -3.82812 0 
1.30514e-05 32.7412 0.305426 0.0222967 0.684232 -0.00135494 -7.31051 -16.6326 -0.143472 -1.26874 -2.2982 -2.19816 -0.00259995 -0.913593 -1.97325 0 
1.19812e-05 33.8238 0.28643 0.0224406 0.698203 -0.00307053 -7.42618 -16.687 -0.0967196 -3.3782 -2.04735 -1.83657 -0.0509535 -1.81182 -0.489063 0 
2.48572e-05 31.5795 0.297315 0.0224423 0.69014 -0.00119105 -7.34322 -16.6108 -0.00989974 -1.77404 -2.17437 -2.05142 -0.00375156 -1.25652 -0.355466 0 
4.30054e-05 32.126 0.292706 0.022455 0.693262 -0.000859592 -7.3736 -16.6225 -0.00491179 -2.31325 -2.11531 -1.96055 -0.0164626 -1.47832 -0.24109 0 
1.20203e-07 38.7362 0.290991 0.0222435 0.697882 -0.00740955 -7.37974 -16.6718 -0.0505688 -2.96847 -2.23614 -1.90784 -0.0366034 -1.69203 -5.79292 0 
5.90754e-07 33.9618 0.28824 0.0222825 0.697352 -0.00624781 -7.41307 -16.6912 -0.0707505 -3.14467 -2.10296 -1.87267 -0.0441829 -1.7559 -0.866451 0 
1.47538e-06 34.0202 0.294165 0.0226383 0.693895 -0.00458966 -7.3573 -16.6335 -2.09935e-06 -2.05636 -2.10501 -2.0052 -0.0110677 -1.39717 -2.45466 0 
2.07541e-06 35.9664 0.28474 0.0226657 0.700029 -0.00176988 -7.43843 -16.6969 -0.124834 -3.59799 -1.98556 -1.81119 -0.0587502 -1.87058 -2.3822 0 
1.97051e-06 32.6305 0.30813 0.0222482 0.682768 -0.00584973 -7.30618 -16.6498 -0.233977 -1.22426 -2.3143 -2.26035 -0.00763939 -0.807842 -1.82618 0 
9.58327e-08 36.9265 0.301039 0.0221844 0.687152 -0.00695942 -7.33819 -16.6257 -0.0525037 -1.48913 -2.21878 -2.13236 -0.000250049 -1.10864 -5.96089 0 
6.26603e-07 37.9669 0.291356 0.0219181 0.705389 -0.0109352 -7.38932 -16.6921 -0.200527 -4.29137 -0.168457 -1.91464 -0.0722991 -1.9698 -5.26836 0 
3.80844e-07 40.0663 0.282455 0.0219302 0.712615 -0.0109996 -7.47003 -16.8235 -0.638753 -6.85159 -0.113284 -1.86849 -0.165472 -2.45658 -3.67857 0 
1.42702e-07 39.503 0.289923 0.0220388 0.706882 -0.0111361 -7.37184 -16.7096 -0.236784 -4.52326 -0.175658 -2.01594 -0.0815105 -2.02752 -6.36089 0 
4.62706e-07 31.3696 0.301874 0.0223351 0.686481 -0.00273078 -7.32682 -16.6186 -0.0720864 -1.41655 -2.22691 -2.14271 -1.79847e-05 -1.05006 -0.515822 0 
1.01605e-05 31.4622 0.303732 0.0222478 0.684474 -0.00161542 -7.32551 -16.6237 -0.109974 -1.32442 -2.25444 -2.17306 -0.000956319 -0.971116 -0.679006 0 
5.69039e-07 32.6505 0.296019 0.0224922 0.692662 -0.00624971 -7.34738 -16.6329 -0.00246482 -1.90964 -2.15641 -2.03714 -0.00751682 -1.33546 -1.2216 0 
8.83967e-08 34.6801 0.294144 0.0226596 0.694253 -0.00393166 -7.35468 -16.6304 -5.84155e-05 -2.08808 -2.12029 -2 -0.011556 -1.40571 -3.06932 0 
1.3137e-07 38.0466 0.303155 0.0225767 0.687855 -0.00298839 -7.30388 -16.6229 -0.0952314 -1.35641 -2.25348 -2.16472 -0.000416411 -1.00128 -7.24823 0 
8.37526e-08 36.4826 0.300535 0.0224841 0.691465 -0.00803923 -7.31365 -16.6283 -0.0314326 -1.5888 -2.25449 -2.10996 -0.00126595 -1.17072 -5.38396 0 
6.58714e-06 33.828 0.299185 0.0225411 0.689387 -0.00450272 -7.33309 -16.6197 -0.0377933 -1.5551 -2.15285 -2.1056 -0.000835154 -1.15004 -2.87299 0 
6.80602e-06 33.5305 0.304782 0.0220999 0.687202 -0.00803439 -7.30231 -16.6332 -0.0830614 -1.38195 -2.38608 -2.1726 -0.000134902 -1.02681 -2.54431 0 
8.4145e-06 32.16 0.300758 0.0224111 0.688002 -0.00513276 -7.32889 -16.6215 -0.0564154 -1.47353 -2.19496 -2.13116 -0.000132115 -1.09609 -1.2573 0 
7.24647e-06 32.5077 0.29288 0.022398 0.69457 -0.00655815 -7.37205 -16.6515 -0.00605676 -2.33112 -2.13423 -1.97177 -0.0187628 -1.50331 -0.518881 0 
3.00874e-06 33.4787 0.302504 0.0224844 0.687008 -6.98878e-05 -7.31326 -16.6167 -0.0800169 -1.3882 -2.24441 -2.14506 -0.000178864 -1.02465 -2.6662 0 
1.44214e-05 31.7306 0.295153 0.0223093 0.691738 -0.00513115 -7.36162 -16.6315 -0.000142617 -2.02568 -2.16107 -2.01583 -0.00999238 -1.3804 -0.144394 0 
1.07862e-05 33.4205 0.297355 0.0225661 0.690599 -0.00281423 -7.34118 -16.6161 -0.0151237 -1.71336 -2.13883 -2.06466 -0.00303919 -1.23464 -2.29356 0 
1.77335e-06 35.0662 0.30421 0.0222976 0.685961 -0.00433304 -7.31027 -16.6284 -0.1076 -1.33014 -2.29774 -2.18002 -0.000778968 -0.978809 -4.23242 0 
