Deep layers	Num units	Learning rate	Batch size	Loss	Score	Elapsed time
3	100	0.0001	4	0.03019293025135994	0.03019293025135994	43.697338342666626
3	100	0.0001	4	0.03034120239317417	0.03034120239317417	52.212639570236206
3	100	0.0001	4	0.03044169582426548	0.03044169582426548	83.87823724746704
3	100	0.0001	4	0.03047274984419346	0.03047274984419346	48.53252291679382
3	100	0.0001	4	0.03051338903605938	0.03051338903605938	83.84019017219543
3	100	0.0001	4	0.0307165440171957	0.0307165440171957	31.10259747505188
3	100	0.0001	4	0.030751144513487816	0.030751144513487816	79.54129099845886
3	100	0.0001	4	0.030780460685491562	0.030780460685491562	85.1604950428009
3	100	0.0001	4	0.030788196250796318	0.030788196250796318	48.55884408950806
3	100	0.0001	4	0.030826926231384277	0.030826926231384277	30.95070743560791
3	100	0.0001	4	0.03093603253364563	0.03093603253364563	57.21941089630127
3	100	0.0001	4	0.030985042452812195	0.030985042452812195	47.795830726623535
3	100	0.0001	4	0.030992573127150536	0.030992573127150536	31.33897638320923
3	100	0.0001	4	0.031002605333924294	0.031002605333924294	31.287493228912354
3	100	0.0001	4	0.031030764803290367	0.031030764803290367	31.360154151916504
3	100	0.0001	4	0.031036602333188057	0.031036602333188057	31.131667613983154
3	100	0.0001	4	0.031113531440496445	0.031113531440496445	72.99836611747742
3	100	0.0001	2	0.031177084892988205	0.031177084892988205	132.31778836250305
3	100	0.0001	4	0.031258516013622284	0.031258516013622284	31.17035412788391
3	100	0.0001	4	0.03132054582238197	0.03132054582238197	83.68082022666931
3	100	0.0001	4	0.03138498589396477	0.03138498589396477	41.93660545349121
3	100	0.0001	4	0.031400419771671295	0.031400419771671295	31.15987277030945
3	100	0.0001	4	0.031481463462114334	0.031481463462114334	48.441673040390015
3	100	0.0001	4	0.031595923006534576	0.031595923006534576	31.761114358901978
3	100	0.0001	4	0.0316203311085701	0.0316203311085701	70.90802669525146
4	100	0.0001	4	0.03171752765774727	0.03171752765774727	84.2671868801117
3	100	0.0001	4	0.03172140195965767	0.03172140195965767	49.27770256996155
3	100	0.0001	4	0.03176204487681389	0.03176204487681389	59.429458141326904
3	100	0.0001	4	0.03189457580447197	0.03189457580447197	83.82551193237305
3	100	0.0001	2	0.03194260969758034	0.03194260969758034	143.32077312469482
3	100	0.0001	4	0.03226146474480629	0.03226146474480629	57.64683222770691
3	100	0.0001	4	0.03230499103665352	0.03230499103665352	31.004777908325195
3	100	0.0001	4	0.03240327537059784	0.03240327537059784	63.56386613845825
3	100	0.0001	4	0.03263533115386963	0.03263533115386963	34.245341539382935
3	100	0.0001	4	0.032796863466501236	0.032796863466501236	53.30303764343262
3	100	0.0001	4	0.032927922904491425	0.032927922904491425	83.77944588661194
4	100	0.0001	4	0.032942626625299454	0.032942626625299454	79.41406297683716
3	100	0.0001	4	0.0329485721886158	0.0329485759139061	83.84010744094849
4	100	0.0001	4	0.03297249227762222	0.03297249227762222	82.89761281013489
4	100	0.0001	2	0.032982148230075836	0.032982148230075836	203.66582012176514
3	100	0.0001	4	0.0332011952996254	0.0332011952996254	71.6639153957367
1	100	0.001	2	0.033222854137420654	0.033222854137420654	143.12897777557373
3	100	0.0001	2	0.033252961933612823	0.033252961933612823	144.80123567581177
4	100	0.0001	2	0.03371522203087807	0.03371522203087807	144.1251027584076
3	100	0.0001	4	0.03373634070158005	0.03373634070158005	31.043920040130615
3	100	0.0001	4	0.03397292643785477	0.03397292643785477	46.58276295661926
3	100	0.0001	4	0.034078314900398254	0.034078314900398254	31.2258780002594
3	50	0.0001	4	0.034397318959236145	0.034397318959236145	78.14927077293396
3	200	0.0001	4	0.03439841419458389	0.03439841419458389	95.66731786727905
3	50	0.0001	4	0.03441960737109184	0.034419603645801544	68.42230463027954
4	100	0.0001	4	0.0345706008374691	0.0345706008374691	42.53968620300293
3	100	0.0001	4	0.034668631851673126	0.034668631851673126	47.75084686279297
4	100	0.0001	2	0.03470810502767563	0.03470810502767563	204.8658013343811
1	100	0.001	4	0.034742485731840134	0.034742485731840134	67.14180946350098
4	100	0.0001	4	0.0347726047039032	0.0347726047039032	32.03693079948425
4	100	0.0001	2	0.03488418832421303	0.03488418832421303	203.98297452926636
4	100	0.0001	2	0.03491467237472534	0.03491467237472534	149.45453810691833
4	100	0.0001	2	0.0350358746945858	0.0350358746945858	144.10966968536377
3	50	0.0001	4	0.03506828099489212	0.03506828099489212	72.89579677581787
4	100	0.0001	2	0.03533485531806946	0.03533485531806946	153.77903604507446
4	100	0.0001	4	0.03537846356630325	0.03537846356630325	145.10976266860962
4	100	0.0001	2	0.03542010113596916	0.03542010113596916	204.23440098762512
3	50	0.0001	8	0.03544079139828682	0.03544079139828682	17.948662281036377
3	100	0.0001	8	0.03550192713737488	0.03550192713737488	42.174195766448975
3	50	0.001	4	0.03551502525806427	0.03551502153277397	79.22133898735046
4	100	0.0001	2	0.03552532196044922	0.03552532196044922	204.91460704803467
4	100	0.0001	2	0.035530515015125275	0.035530515015125275	155.43389534950256
4	100	0.0001	2	0.03556282818317413	0.03556282818317413	203.80851554870605
2	100	0.0001	4	0.035671867430210114	0.035671867430210114	83.55778574943542
2	100	0.0001	4	0.03573871776461601	0.03573871776461601	67.96638989448547
4	100	0.0001	2	0.0359782911837101	0.0359782911837101	154.78072786331177
4	100	0.0001	2	0.036291997879743576	0.036291997879743576	204.834490776062
2	100	0.0001	4	0.03631865605711937	0.03631865605711937	71.89201378822327
3	50	0.0001	4	0.03677728399634361	0.03677728399634361	83.86796522140503
4	200	0.0001	2	0.03684188798069954	0.03684188798069954	190.18779706954956
1	100	0.001	4	0.03708461672067642	0.03708462044596672	66.9581446647644
3	50	0.0001	4	0.0390150211751461	0.0390150211751461	65.86839008331299
1	100	0.001	4	0.040081605315208435	0.040081605315208435	60.92682218551636
3	100	0.0001	16	0.04029904678463936	0.04029904678463936	30.747389316558838
3	100	0.0001	16	0.0405237041413784	0.0405237041413784	12.307210445404053
3	100	0.001	4	0.040539853274822235	0.040539853274822235	83.93161630630493
1	100	0.001	2	0.0421706885099411	0.0421706885099411	125.84125185012817
4	50	0.0001	16	0.04247283935546875	0.04247283935546875	28.55168390274048
1	50	0.001	16	0.043624959886074066	0.043624959886074066	25.522033214569092
3	100	0.001	4	0.04519600421190262	0.04519600421190262	83.47105574607849
4	200	0.001	16	0.04565397650003433	0.04565397650003433	42.247912645339966
4	200	0.001	8	0.04566347971558571	0.04566347971558571	83.95112156867981
3	50	0.001	16	0.04709252715110779	0.04709252715110779	27.850465297698975
2	200	0.0001	16	0.04829519987106323	0.04829519987106323	42.22726321220398
1	100	0.001	16	0.04837480187416077	0.04837480187416077	27.806596040725708
4	100	0.0001	8	0.04912953823804855	0.04912953823804855	44.104597330093384
2	200	0.001	16	0.05094214156270027	0.05094214156270027	26.420411109924316
2	100	0.001	4	0.05623457953333855	0.05623457953333855	83.48022413253784
3	50	0.001	4	0.059960223734378815	0.059960223734378815	70.98714423179626
4	50	0.001	16	0.06616146862506866	0.06616146862506866	42.561787843704224
1	50	0.0001	2	0.0666358545422554	0.0666358545422554	143.07847142219543
1	100	0.0001	4	0.07194462418556213	0.07194462418556213	58.29366683959961
1	100	0.0001	4	0.07352656871080399	0.07352656871080399	26.417122840881348
1	150	0.0001	4	0.07385847717523575	0.07385847717523575	82.99589109420776
1	100	0.0001	4	0.08106953650712967	0.08106953650712967	84.02327728271484
3	100	0.001	2	0.09325643628835678	0.09325643628835678	203.5998158454895
1	100	0.0001	8	0.12262310832738876	0.12262310832738876	35.72355842590332
