SUMMARY
-------
analyzer: mcmc
maxlike: 1440.4029
loglikes: [1454.11 1445.06 1446.   1451.37 1449.88 1457.62 1457.98 1455.16 1449.5
 1446.59 1450.53 1452.67 1444.94 1449.74 1446.77 1443.38 1447.03 1445.24
 1443.99 1445.68 1442.93 1444.63 1447.74 1447.93 1447.76 1452.14 1448.84
 1445.96 1450.08 1451.46 1452.83 1454.17 1453.97 1451.8  1449.85 1448.95
 1451.91 1451.87 1449.84 1444.33 1450.17 1451.95 1457.16 1448.36 1452.3
 1450.92 1453.89 1456.48 1450.04 1448.08 1450.17 1445.38 1451.69 1446.14
 1445.45 1445.88 1446.45 1453.43 1449.24 1456.29 1450.57 1451.31 1447.97
 1445.79 1443.6  1442.3  1445.42 1449.88 1453.04 1448.1  1446.3  1447.73
 1447.39 1444.39 1444.83 1445.11 1449.77 1451.42 1444.05 1448.34 1451.61
 1448.96 1458.   1459.82 1465.56 1465.77 1456.26 1453.32 1445.62 1445.09
 1443.62 1446.02 1444.1  1445.48 1444.82 1448.59 1447.51 1447.74 1450.83
 1452.12 1451.67 1452.77 1446.   1446.52 1452.75 1448.65 1446.48 1454.84
 1446.53 1444.74 1443.36 1443.72 1447.45 1446.02 1446.17 1446.52 1451.25
 1448.17 1447.44 1452.55 1446.62 1445.53 1447.04 1446.27 1447.07 1446.94
 1446.32 1448.84 1442.94 1446.54 1445.59 1444.61 1448.93 1448.21 1451.36
 1447.67 1445.68 1450.38 1447.95 1442.84 1446.45 1448.04 1451.84 1451.84
 1444.08 1448.52 1447.96 1446.42 1449.76 1452.51 1452.15 1449.89 1454.17
 1451.93 1451.77 1447.33 1446.07 1444.97 1445.47 1446.04 1450.44 1453.34
 1451.22 1444.98 1444.36 1447.19 1445.68 1447.42 1453.89 1444.67 1446.98
 1448.94 1446.84 1444.05 1452.33 1457.57 1460.54 1459.23 1456.49 1461.18
 1454.69 1461.91 1457.31 1446.07 1453.87 1458.29 1453.65 1441.97 1449.9
 1448.05 1450.51 1450.73 1446.1  1444.84 1445.96 1445.91 1447.29 1447.7
 1452.56 1448.01 1445.75 1448.62 1449.54 1445.79 1447.85 1447.33 1442.28
 1445.83 1445.69 1445.69 1447.56 1447.16 1448.3  1448.94 1447.87 1445.83
 1443.95 1445.58 1447.92 1452.18 1456.44 1456.83 1457.09 1455.77 1457.56
 1449.9  1445.48 1441.16 1440.58 1440.4  1441.94 1443.25 1447.59 1447.26
 1442.38 1444.08 1446.75 1449.03 1448.   1450.63 1445.46 1446.72 1451.14
 1453.22 1455.06 1450.47 1447.87 1450.52 1450.19 1451.16 1452.02 1453.84
 1452.2  1455.23 1452.54 1450.59 1449.22 1453.4  1454.94 1459.26 1451.43
 1452.37 1455.52 1453.73 1451.7  1452.76 1448.07 1449.59 1448.98 1448.6
 1449.25 1447.11 1448.09 1451.44 1453.21 1454.38 1445.4  1444.36 1445.18
 1447.93 1448.   1444.   1445.47 1445.74 1448.31 1448.73 1446.67 1444.2
 1448.69 1446.65 1447.62 1447.44 1445.12 1446.05 1444.76 1444.59 1447.03
 1444.65 1445.04 1443.85 1447.48 1447.21 1449.49 1447.72 1447.68 1449.83
 1452.94 1451.71 1458.87 1454.41 1454.36 1449.04 1450.63 1444.99 1447.67
 1449.38 1449.27 1447.18 1454.99 1454.93 1457.85 1453.47 1458.86 1452.7
 1449.45 1453.58 1450.11 1452.34 1452.56 1450.61 1451.79 1453.26 1448.07
 1445.09 1448.11 1446.41 1445.09 1444.54 1444.18 1448.45 1453.67 1448.36
 1446.86 1451.12 1448.61 1449.75 1446.52 1447.39 1450.14 1453.02 1452.63
 1454.74 1451.36 1446.2  1445.33 1446.67 1447.44 1446.99 1449.53 1450.93
 1454.02 1456.88 1455.89 1456.15 1445.67 1445.23 1448.64 1448.66 1450.33
 1455.95 1457.82 1451.87 1452.75 1446.84 1445.5  1445.96 1448.19 1449.69
 1449.67 1449.42 1450.39 1446.15 1448.97 1444.91 1443.66 1453.21 1448.62
 1446.48 1442.53 1452.78 1452.43 1453.47 1453.31 1448.07 1447.37 1447.17
 1446.78 1445.03 1442.84 1442.33 1446.17 1442.65 1446.37 1445.36 1445.43
 1446.07 1443.13 1448.56 1442.34 1447.31 1445.8  1447.26 1451.07 1450.96
 1449.81 1449.41 1450.87 1458.08 1457.4  1459.95 1458.33 1454.86 1455.21
 1451.23 1449.77 1445.15 1445.71 1444.95 1449.08 1448.03 1449.43 1443.09
 1441.94 1444.26 1444.96 1452.45 1452.45 1446.96 1447.29 1445.9  1445.69
 1444.48 1447.58 1447.9  1450.83 1446.91 1447.07 1450.78 1447.34 1446.8
 1447.31 1447.6  1444.22 1444.9  1446.6  1445.87 1447.05 1443.83 1444.46
 1451.86 1449.28 1443.28 1442.5  1446.16 1445.1  1445.13 1451.36 1451.39
 1450.07 1448.99 1449.52 1455.62 1451.39 1446.79 1447.29 1442.47 1442.39
 1444.01 1444.23 1441.47 1442.79 1442.82 1442.7  1452.72 1456.77 1447.36
 1449.31 1448.25 1443.85 1446.56 1453.92 1444.28 1443.89 1446.71 1448.55
 1449.73 1448.16 1443.97 1443.14 1443.33 1444.54 1444.18 1441.86 1446.16
 1444.92 1444.65 1443.81 1447.04 1446.33 1443.13 1441.53 1443.3  1444.84
 1443.99 1448.56 1443.78 1445.47 1446.31 1450.12 1452.03 1446.54 1447.06
 1447.24 1450.46 1452.71 1456.23 1456.45 1450.65 1453.73 1454.62 1453.51
 1449.69 1447.47 1446.1  1447.62 1446.   1444.71 1445.14 1447.58 1445.23
 1445.93 1460.61 1450.83 1451.36 1448.29 1455.08 1456.59 1456.68 1456.27
 1446.57 1446.78 1451.5  1448.81 1455.3  1454.98 1445.46 1442.97 1443.44
 1444.75 1448.24 1450.11 1452.07 1444.93 1444.89 1447.91 1447.69 1449.04
 1449.64 1448.42 1449.3  1449.76 1446.65 1447.21 1450.54 1451.1  1445.17
 1445.13 1445.79 1445.87 1446.24 1447.01 1446.17 1449.75 1448.9  1446.17
 1454.52 1453.26 1451.72 1452.44 1448.74 1445.97 1446.3  1445.63 1445.3
 1445.04 1446.21 1450.81 1444.07 1446.81 1451.55]
gr_diagnostic: [0.00050808 0.00018281 0.00419626 0.00050162]
Om: 0.3097 +/- inf
Obh2: 0.0200 +/- inf
h: 0.7797 +/- inf
alfa: 0.1060 +/- inf

Elapsed time: 43.448 minutes = 2606.886 seconds 
