# [1] m:            [M_sun/h] 
# [2] sigma 
# [3] ln(1/sigma) 
# [4] n_eff 
# [5] f(sigma) 
# [6] dn/dm:        [h^4/(Mpc^3*M_sun)] 
# [7] dn/dlnm:      [h^3/Mpc^3] 
# [8] dn/dlog10m:   [h^3/Mpc^3] 
# [9] n(>m):        [h^3/Mpc^3] 
# [11] rho(>m):     [M_sun*h^2/Mpc^3] 
# [11] rho(<m):     [M_sun*h^2/Mpc^3] 
# [12] Lbox(N=1):   [Mpc/h]
1.000000000000000000e+10 4.173685426965144885e+00 -1.428799440928767650e+00 -2.363569443642922874e+00 2.399803514089333956e-01 2.238134667599676945e-11 2.238134667599676886e-01 5.153495521728199691e-01 2.543783303196589518e-01 4.405468612928063202e+10 4.386998587071935272e+10 1.578240907153697359e+00
1.122018454301965332e+10 4.122840078329961244e+00 -1.416542265276638846e+00 -2.358818982822846522e+00 2.414253684959373758e-01 1.801868385930440614e-11 2.021729581237250162e-01 4.655204395821987418e-01 2.298565805257835881e-01 4.379526811022093201e+10 4.412940388977905273e+10 1.632479311448359116e+00
1.258925411794171333e+10 4.072239845600468477e+00 -1.404193178692512367e+00 -2.354030430447704880e+00 2.428842957514486811e-01 1.450677922020637815e-11 1.826295300360544216e-01 4.205200334015272712e-01 2.077055687011905294e-01 4.353233664015000916e+10 4.439233535984997559e+10 1.688563069274002570e+00
1.412537544622761154e+10 4.021886904115580919e+00 -1.391751171640231988e+00 -2.349154615354627662e+00 2.443570546993587833e-01 1.168052108687682060e-11 1.649917457597137038e-01 3.799075342533803634e-01 1.876948795098179190e-01 4.326582738719109344e+10 4.465884461280889130e+10 1.746556040349522831e+00
1.584893192461123848e+10 3.971783865561478777e+00 -1.379215330191194244e+00 -2.344211079805886833e+00 2.458435332368092141e-01 9.405510448960827934e-12 1.490672948217998395e-01 3.432401309096248521e-01 1.696161878807428691e-01 4.299566923657207489e+10 4.492900276342790985e+10 1.806526072771839964e+00
1.778279410038937378e+10 3.921932543512831160e+00 -1.366584528113959474e+00 -2.339227072343748937e+00 2.473436204714122288e-01 7.573776084719574773e-12 1.346829006770213777e-01 3.101188393801070919e-01 1.532822136234996413e-01 4.272180001317383575e+10 4.520287198682614899e+10 1.868541489466395866e+00
1.995262314968899155e+10 3.872334337123034320e+00 -1.353857513084086417e+00 -2.334213725804722195e+00 2.488571948613551854e-01 6.098802159836093776e-12 1.216871011597188690e-01 2.801949051400271506e-01 1.385243700104963338e-01 4.244416494272208405e+10 4.548050705727790070e+10 1.932671038740333413e+00
2.238721138568365097e+10 3.822991095962955388e+00 -1.341033125640926693e+00 -2.329118937501055253e+00 2.503840962822008187e-01 4.911473210754804922e-12 1.099541889842902131e-01 2.531788764674767767e-01 1.251900254703088022e-01 4.216270013330735779e+10 4.576197186669262695e+10 1.998987556731878223e+00
2.511886431509613037e+10 3.773905540066059050e+00 -1.328110417503834517e+00 -2.323937894240854618e+00 2.519241097874371782e-01 3.955631556559687120e-12 9.936097234973528813e-02 2.287870937578940500e-01 1.131408762146745711e-01 4.187732910853193665e+10 4.604734289146804810e+10 2.067569676497990283e+00
2.818382931264495468e+10 3.725079740951610763e+00 -1.315088258569272250e+00 -2.318709268365637399e+00 2.534770102167768768e-01 3.185888433661981897e-12 8.979053582345908335e-02 2.067503492790447317e-01 1.022524401387511495e-01 4.158798189554293823e+10 4.633669010445704651e+10 2.138497629012030110e+00
3.162277660168431091e+10 3.676515217673238300e+00 -1.301965351819580841e+00 -2.313450964354319517e+00 2.550425581694666377e-01 2.565923615574130819e-12 8.114162927228683875e-02 1.868355059836169785e-01 9.241279375718464140e-02 4.129460004500811768e+10 4.663007195499186707e+10 2.211851504844547289e+00
3.548133892335818481e+10 3.628213532441585176e+00 -1.288740387312954816e+00 -2.308125079846859329e+00 2.566204791468610358e-01 2.066704600047545819e-12 7.332944636875039779e-02 1.688472900861910375e-01 8.352072385543947430e-02 4.099712041018758392e+10 4.692755158981240082e+10 2.287714984419283670e+00
3.981071705535050964e+10 3.580177317892821343e+00 -1.275412329323691862e+00 -2.302697092645702437e+00 2.582104265986359115e-01 1.664771980224538698e-12 6.627576626639468393e-02 1.526055914317580586e-01 7.548440181749077604e-02 4.069546376150276184e+10 4.722920823849722290e+10 2.366178991394651376e+00
4.466835921509725952e+10 3.532408950779439838e+00 -1.261980060518098412e+00 -2.297211669917447630e+00 2.598120215554036161e-01 1.341044810674703457e-12 5.990227132675975119e-02 1.379300769934816706e-01 6.822101010685981126e-02 4.038955255532113647e+10 4.753511944467884827e+10 2.447337988388260666e+00
5.011872336272837830e+10 3.484910077303138731e+00 -1.248442241097133198e+00 -2.291688402189605789e+00 2.614248663918073978e-01 1.080266116223593491e-12 5.414155863713926431e-02 1.246655458293399049e-01 6.165611953628929998e-02 4.007932284957125854e+10 4.784534915042872620e+10 2.531286311993893534e+00
5.623413251903628540e+10 3.437682100405560881e+00 -1.234797436253017633e+00 -2.286114508659613076e+00 2.630485263072536717e-01 8.702097305810741556e-13 4.893548930885098514e-02 1.126781282009297891e-01 5.572252768553258295e-02 3.976471197963294983e+10 4.815996002036703491e+10 2.618121098019224213e+00
6.309573444802097321e+10 3.390727384729879113e+00 -1.221044466142913842e+00 -2.280431949983810824e+00 2.646824841989639521e-01 7.010622467094945366e-13 4.423403734991523256e-02 1.018526350048566675e-01 5.035925860538794513e-02 3.944564138952430725e+10 4.847903061047567749e+10 2.707947399108282749e+00
7.079457843841575623e+10 3.344048576425370456e+00 -1.207182221559941038e+00 -2.274673028690917587e+00 2.663261590690521041e-01 5.648162190775953787e-13 3.998592612477824132e-02 9.207099742447555357e-02 4.551116779465465972e-02 3.912202653302011108e+10 4.880264546697987366e+10 2.800876803779211333e+00
7.943282347243049622e+10 3.297647465893727592e+00 -1.193209325123040232e+00 -2.268867658025928158e+00 2.679789422929038656e-01 4.550469110845672489e-13 3.614566095985520533e-02 8.322846010257944904e-02 4.112868135647830548e-02 3.879379655731309509e+10 4.913087544268688965e+10 2.897021632244698441e+00
8.912509381337731934e+10 3.251525436245231937e+00 -1.179124251222883446e+00 -2.263025434476512832e+00 2.696401789350043043e-01 3.666035050622868079e-13 3.267357178098925785e-02 7.523367931777678874e-02 3.716712787096941584e-02 3.846088954965477753e+10 4.946378245034520721e+10 2.996495749961564758e+00
1.000000000000032654e+11 3.205684475051181259e+00 -1.164925632329485650e+00 -2.257078014996949822e+00 2.713091270216320128e-01 2.953705018576903566e-13 2.953705018576999880e-02 6.801157144877101324e-02 3.358599660180573709e-02 3.812323040285478210e+10 4.980144159714520264e+10 3.099421110679268843e+00
1.122018454302001953e+11 3.160127357738279574e+00 -1.150612329868407446e+00 -2.251030309552723985e+00 2.729849448055067240e-01 2.379920476397486195e-13 2.670314694289191437e-02 6.148626808673245125e-02 3.034855061341816193e-02 3.778072965553416443e+10 5.014394234446582031e+10 3.205929848989162778e+00
1.258925411794212494e+11 3.114856078874754353e+00 -1.136182948563617456e+00 -2.244927434099198482e+00 2.746667428302829173e-01 1.917583460606568052e-13 2.414094547793894582e-02 5.558658118828423839e-02 2.742172938154275805e-02 3.743330943780374908e+10 5.049136256219623566e+10 3.316156767538701367e+00
1.412537544622807312e+11 3.069872086575985648e+00 -1.121635895120641990e+00 -2.238791119362240956e+00 2.763535711426607366e-01 1.544999822594595210e-13 2.182370255850442364e-02 5.025093218514830457e-02 2.477579154720695523e-02 3.708090771786247253e+10 5.084376428213751221e+10 3.430237211349596471e+00
1.584893192461175842e+11 3.025176986640603527e+00 -1.106969597751644496e+00 -2.232564289064492336e+00 2.780443876721624408e-01 1.244846045504501707e-13 1.972948023182299893e-02 4.542880707431635329e-02 2.238379806572034919e-02 3.672345487926863861e+10 5.120121712073134613e+10 3.548314235586147003e+00
1.778279410038995667e+11 2.980773481207841247e+00 -1.092182824290401033e+00 -2.226213821408887128e+00 2.797380158173941034e-01 1.003071669898455452e-13 1.783741697373855684e-02 4.107217042124936685e-02 2.022127362833121486e-02 3.636086087412004852e+10 5.156381112587993622e+10 3.670544537046413147e+00
1.995262314968964539e+11 2.936663827317642639e+00 -1.077274184418322456e+00 -2.219797295228603584e+00 2.814331957613833701e-01 8.082436110540434441e-14 1.612658018450566222e-02 3.713282313381590510e-02 1.826614878945459139e-02 3.599304208003747559e+10 5.193162991996250916e+10 3.797090978844478659e+00
2.238721138568438416e+11 2.892849555390057947e+00 -1.062242021665667169e+00 -2.213338814497377349e+00 2.831285892018780004e-01 6.512248339217550214e-14 1.457910801661353555e-02 3.356963678820432118e-02 1.649858729140409389e-02 3.561993513468965912e+10 5.230473686531032562e+10 3.928116989323211961e+00
2.511886431509695129e+11 2.849331996530631184e+00 -1.047084579625356060e+00 -2.206811206579754270e+00 2.848227522914622556e-01 5.246996263318834688e-14 1.317985872001265282e-02 3.034774621646871978e-02 1.490065271628727636e-02 3.524147726608999634e+10 5.268319473390998840e+10 4.063792916975669911e+00
2.818382931264587402e+11 2.806113566956401240e+00 -1.031800453760907565e+00 -2.200146233207086244e+00 2.865140774920756361e-01 4.227815885163273311e-14 1.191560412727345197e-02 2.743669243747817732e-02 1.345604174993860966e-02 3.485758427207952118e+10 5.306708772792046356e+10 4.204305100972378639e+00
3.162277660168534546e+11 2.763196782688065678e+00 -1.016388264066832026e+00 -2.193393973927999951e+00 2.882008230319522135e-01 3.406561120553747692e-14 1.077249212952580658e-02 2.480457979184180761e-02 1.215000994420561455e-02 3.446816908657513428e+10 5.345650291342485046e+10 4.349851747915790767e+00
3.548133892335934448e+11 2.720583255527545319e+00 -1.000846289499856878e+00 -2.186587814998829593e+00 2.898811438690990228e-01 2.744670071877162360e-14 9.738456905307465647e-03 2.242362569892589891e-02 1.096930480693642657e-02 3.407316659938257980e+10 5.385150540061740112e+10 4.500633327428350761e+00
3.981071705535180664e+11 2.678274193576473117e+00 -9.851726294722822352e-01 -2.179732570766089950e+00 2.915530631256196270e-01 2.211223199544629611e-14 8.803038114330098349e-03 2.026974433511490037e-02 9.901970556085411615e-03 3.367252326942665100e+10 5.425214873057333374e+10 4.656855796021320160e+00
4.466835921509872437e+11 2.636271576919894777e+00 -9.693656374790673436e-01 -2.172739239056509231e+00 2.932144156151575975e-01 1.781505837717514581e-14 7.957694270296132230e-03 1.832326820138800716e-02 8.937145242672842396e-03 3.326616742379570770e+10 5.465850457620427704e+10 4.818742595014590790e+00
5.011872336273001709e+11 2.594578059404213821e+00 -9.534239058653452004e-01 -2.165627376163704820e+00 2.948628410982703230e-01 1.435289800009675117e-14 7.193489243203299473e-03 1.656362109801293864e-02 8.064973010187822394e-03 3.285401295636806488e+10 5.507065904363191986e+10 4.986536786156411161e+00
5.623413251903812256e+11 2.553195386486160512e+00 -9.373456674445687087e-01 -2.158450120318376797e+00 2.964958360122542658e-01 1.156266563980899448e-14 6.502164718623477078e-03 1.497178755329424404e-02 7.276587793905145776e-03 3.243599469911426163e+10 5.548867730088572693e+10 5.160487639256817971e+00
6.309573444802304688e+11 2.512124754409841287e+00 -9.211289107524812669e-01 -2.151233169202489748e+00 2.981107274944206909e-01 9.313770025150934999e-15 5.876591602168803122e-03 1.353135222076788310e-02 6.564009299553595460e-03 3.201207067617349625e+10 5.591260132382649231e+10 5.340848646984078130e+00
7.079457843841807861e+11 2.471367657976071275e+00 -9.047717050829708896e-01 -2.143892112097110836e+00 2.997046273843492759e-01 7.502075895675871339e-15 5.311063004473910373e-03 1.222917450205379501e-02 5.919996131483056499e-03 3.158218821118175125e+10 5.634248378881823730e+10 5.527891696772449848e+00
7.943282347243309326e+11 2.430926688184285478e+00 -8.882725378180788001e-01 -2.136398786050183851e+00 3.012743885578298420e-01 6.042754693316905079e-15 4.799930668414583226e-03 1.105224880449636599e-02 5.337960548819305207e-03 3.114627056573582458e+10 5.677840143426416016e+10 5.721916907193580037e+00
8.912509381338023682e+11 2.390803793883097050e+00 -8.716296248343192721e-01 -2.128826601371386573e+00 3.028166599012982463e-01 4.866804232148662402e-15 4.337543837616054769e-03 9.987563780702913424e-03 4.811965234189325563e-03 3.070425709394001770e+10 5.722041490605996704e+10 5.923237860267420274e+00
1.000000000000065430e+12 2.351000198419819220e+00 -8.548408539559804176e-01 -2.121207441115491754e+00 3.043278744052018148e-01 3.919111414990953775e-15 3.919111414991210095e-03 9.024087521941562967e-03 4.336673951623215215e-03 3.025611926616090012e+10 5.766855273383908081e+10 6.132173154277397842e+00
1.122018454302038818e+12 2.311516992014993388e+00 -8.379040154963437459e-01 -2.113490294242158285e+00 3.058042103871120299e-01 3.155632802191408117e-15 3.540678239059615214e-03 8.152712932347079208e-03 3.907253940266000765e-03 2.980182971904434204e+10 5.812284228095564270e+10 6.349060333199025408e+00
1.258925411794253662e+12 2.272356467454152096e+00 -8.208173844385431295e-01 -2.105595398563299803e+00 3.072415265359666470e-01 2.540817345616696965e-15 3.198699523124482694e-03 7.365277838913597379e-03 3.519304170984485693e-03 2.934133397406800079e+10 5.858333802593198395e+10 6.574272962276631382e+00
1.412537544622853760e+12 2.233520810730146078e+00 -8.035791793086681789e-01 -2.097598137706050636e+00 3.086353967910298590e-01 2.045527028250881663e-15 2.889383725945183015e-03 6.653051895300972352e-03 3.168845927629122816e-03 2.887458344844874573e+10 5.905008855155123901e+10 6.808210243932616201e+00
1.584893192461227539e+12 2.195011266886332191e+00 -7.861871794917888456e-01 -2.089537070765131954e+00 3.099811227145558568e-01 1.646482128059817405e-15 2.609498316271079664e-03 6.008591923238850580e-03 2.852304832165628457e-03 2.840156689785235596e+10 5.952310510214762878e+10 7.051280979210910793e+00
1.778279410039053711e+12 2.156828685146012337e+00 -7.686389415111011258e-01 -2.081406405432338680e+00 3.112736935418491391e-01 1.325028861880355246e-15 2.356271542789317025e-03 5.425515729472763123e-03 2.566452140847839351e-03 2.792229041420277786e+10 6.000238158579721069e+10 7.303913311514030227e+00
1.995262314969029785e+12 2.118974872218506444e+00 -7.509324208951844160e-01 -2.073089738801959570e+00 3.125077221672576400e-01 1.066247313227175741e-15 2.127443082519163073e-03 4.898618728001926520e-03 2.308348779410973259e-03 2.743673760785407639e+10 6.048793439214590454e+10 7.566578179304964458e+00
2.238721138568511719e+12 2.081452166261872794e+00 -7.330658069717711500e-01 -2.064629717041903234e+00 3.136774460093584294e-01 8.578796537588442273e-16 1.920553315217760288e-03 4.422237433920709997e-03 2.075327375362908365e-03 2.694488296369230270e+10 6.097978903630767822e+10 7.839790579143489424e+00
2.511886431509777344e+12 2.044261878667477550e+00 -7.150367848135098514e-01 -2.056089785525462954e+00 3.147767583022488824e-01 6.900695288100200635e-16 1.733376286216234755e-03 3.991246397190882991e-03 1.864990279585119560e-03 2.644674011136722183e+10 6.147793188863276672e+10 8.124085320765559004e+00
2.818382931264679688e+12 2.007404765273877789e+00 -6.968427262484255813e-01 -2.047499303702944751e+00 3.157991687021434735e-01 5.549269167142653401e-16 1.563996550166821828e-03 3.601235141908238572e-03 1.675178241107642355e-03 2.594235967823370361e+10 6.198231232176628113e+10 8.420017463104404243e+00
3.162277660168638184e+12 1.970882058273076387e+00 -6.784811878581560318e-01 -2.038733615316033365e+00 3.167377529477896636e-01 4.461728023887178560e-16 1.410922285568678948e-03 3.248768622123528443e-03 1.503928147006848830e-03 2.543178047592813492e+10 6.249289152407185364e+10 8.728192261337614610e+00
3.548133892336050781e+12 1.934696062608191269e+00 -6.599502405568993257e-01 -2.029776375206847838e+00 3.175851251536770392e-01 3.586670699560332353e-16 1.272598786975866854e-03 2.930266996252936431e-03 1.349452256547437924e-03 2.491501827393321609e+10 6.300965372606677246e+10 9.049282760477334264e+00
3.981071705535311035e+12 1.898848243730028029e+00 -6.412475148559498850e-01 -2.020721345177052264e+00 3.183334707104875649e-01 2.882359183052669650e-16 1.147487858884085801e-03 2.642188438258151299e-03 1.210140870684661262e-03 2.439212524205219650e+10 6.353254675794778442e+10 9.384000531894663766e+00
4.466835921510018555e+12 1.863339341024793150e+00 -6.223702226572745966e-01 -2.011612852225233894e+00 3.189745168967871858e-01 2.315488265304087932e-16 1.034290615929522004e-03 2.381542154062947243e-03 1.084547605876634395e-03 2.386320775018717957e+10 6.406146424981280518e+10 9.733083742167146113e+00
5.011872336273166016e+12 1.828170065050903181e+00 -6.033155021022694742e-01 -2.002360626975962177e+00 3.194994954418511335e-01 1.859530319517630841e-16 9.319728566851614906e-04 2.145946806878329047e-03 9.713603818531028455e-04 2.332837851321553421e+10 6.459629348678445435e+10 1.009732971754623598e+01
5.623413251903997070e+12 1.793342445138142560e+00 -5.840811664247252954e-01 -1.992873038443232492e+00 3.198991117407887219e-01 1.492989533663708491e-16 8.395697128558466966e-04 1.933180705351164250e-03 8.693821940473659901e-04 2.278772137738293457e+10 6.513695062261705017e+10 1.047763068284789689e+01
6.309573444802510742e+12 1.758858176840864873e+00 -5.646648353535784759e-01 -1.983261792005463153e+00 3.201635646302151139e-01 1.198231016883352964e-16 7.560326604865913241e-04 1.740829533853053722e-03 7.775319380672609474e-04 2.224134723249483490e+10 6.568332476750514984e+10 1.087494963411397286e+01
7.079457843842039062e+12 1.724717994657531728e+00 -5.450635557608366488e-01 -1.973574694092610660e+00 3.202825312079606301e-01 9.612140480674002654e-17 6.804874332201915101e-04 1.566880219702594321e-03 6.948391942283700879e-04 2.168943337598329544e+10 6.623523862401669312e+10 1.129029346816025381e+01
7.943282347243568359e+12 1.690922262094320061e+00 -5.252740973010671111e-01 -1.963785051942538384e+00 3.202451391526973112e-01 7.707116183915538161e-17 6.121979993185150707e-04 1.409637987191591970e-03 6.204262390560157450e-04 2.113218800094836426e+10 6.679248399905162048e+10 1.172474162600770597e+01
8.912509381338316406e+12 1.657472513822062732e+00 -5.052938600275997949e-01 -1.953738629977127772e+00 3.200399634484898392e-01 6.177374190624899438e-17 5.505590542598160940e-04 1.267709071151552642e-03 5.534925625974374333e-04 2.056979746272064590e+10 6.735487453727934265e+10 1.217949842210311751e+01
1.000000000000098242e+13 1.624370648336421530e+00 -4.851204474328358884e-01 -1.943516304037546050e+00 3.196550435104398291e-01 4.948845172308407501e-17 4.948845172308893176e-04 1.139513712129400788e-03 4.933119930154138957e-04 2.000245730995212173e+10 6.792221469004786682e+10 1.265589244612047715e+01
1.122018454302075391e+13 1.591617434993340963e+00 -4.647507538919777859e-01 -1.933195395856917465e+00 3.190778696368987144e-01 3.962242678809464315e-17 4.445709406047509689e-04 1.023662420614840970e-03 4.392325896968081065e-04 1.943043685019340134e+10 6.849423514980657959e+10 1.315533205673208883e+01
1.258925411794294922e+13 1.559213084435251639e+00 -4.441812609379657273e-01 -1.922807436941378789e+00 3.182953751140636389e-01 3.170174593831036584e-17 3.991013355998549394e-04 9.189647859462399260e-04 3.906669095327813010e-04 1.885406778807410049e+10 6.907060421192588806e+10 1.367931838016283663e+01
1.412537544622899805e+13 1.527158512823580949e+00 -4.234088275441601490e-01 -1.912167642384325017e+00 3.172939761047096074e-01 2.535031185225825638e-17 3.580826725921367349e-04 8.245158239701216819e-04 3.470798942848724207e-04 1.827367586830777740e+10 6.965099613169219971e+10 1.422951773126452757e+01
1.584893192461279492e+13 1.495455665101488085e+00 -4.024309531128132389e-01 -1.901283682584521628e+00 3.160596353060395880e-01 2.025881859182192084e-17 3.210806367348656887e-04 7.393154877947381333e-04 3.079841114907511178e-04 1.768957695801264191e+10 7.023509504198733521e+10 1.480780076748291307e+01
1.778279410039111719e+13 1.464105454221284353e+00 -3.812444445168862162e-01 -1.890278423350832293e+00 3.145778359561057780e-01 1.617713676884914432e-17 2.876746922943107694e-04 6.623954581085290602e-04 2.729413378431695789e-04 1.710216188597641945e+10 7.082251011402355957e+10 1.541618433652651809e+01
1.995262314969094922e+13 1.433108066828634231e+00 -3.598455590023622030e-01 -1.879215064954198988e+00 3.128336071832349963e-01 1.290610498838590913e-17 2.575106491636105274e-04 5.929401820513492813e-04 2.415579468391727315e-04 1.651191303479247284e+10 7.141275896520751953e+10 1.605682066276366982e+01
2.238721138568585156e+13 1.402463818851481747e+00 -3.382305604715986069e-01 -1.867938573168775873e+00 3.108116102098019140e-01 1.028789996070116738e-17 2.303173911350062033e-04 5.303253914847442553e-04 2.134763075007705204e-04 1.591933256866384315e+10 7.200533943133613586e+10 1.673208668652422304e+01
2.511886431509859375e+13 1.372174463693019320e+00 -3.163966813456373095e-01 -1.856347895152534067e+00 3.084963247824438204e-01 8.194141034772532835e-18 2.058275168312328465e-04 4.739353719835778193e-04 1.883697884140625770e-04 1.532490194503017426e+10 7.259977005496981812e+10 1.744467636046062609e+01
2.818382931264771875e+13 1.342241175263820807e+00 -2.943407357143292269e-01 -1.844607824991350897e+00 3.058720347900113490e-01 6.519716336500012876e-18 1.837505723947972715e-04 4.231013288253834262e-04 1.659438708938386462e-04 1.472916859661641884e+10 7.319550340338356018e+10 1.819755027309150108e+01
3.162277660168741406e+13 1.312664160362658539e+00 -2.720587822244964205e-01 -1.832786208524489036e+00 3.029228735529800320e-01 5.181338725455425202e-18 1.638483170127487008e-04 3.772746922657178740e-04 1.459344703665612004e-04 1.413279137300246620e+10 7.379188062699751282e+10 1.899389522087017212e+01
3.548133892336166406e+13 1.283443308045554287e+00 -2.495465505409637241e-01 -1.820814459793638207e+00 2.996329777197517807e-01 4.112740063431209346e-18 1.459255240942906808e-04 3.360059364668571908e-04 1.281024546482468942e-04 1.353648102742668724e+10 7.438819097257330322e+10 1.983722181221382996e+01
3.981071705535441406e+13 1.254579927452355026e+00 -2.268007973913152009e-01 -1.808485431957163492e+00 2.959868543975556210e-01 3.260853489582197432e-18 1.298169156327219512e-04 2.989144947543712657e-04 1.122294438677162492e-04 1.294093250526537514e+10 7.498373949473460388e+10 2.073151608798885803e+01
4.466835921510164844e+13 1.226075492084956808e+00 -2.038184115440398736e-01 -1.795945991028762068e+00 2.919694838837866291e-01 2.581920921671337798e-18 1.153301711942016457e-04 2.655575329642200443e-04 9.811764317475153154e-05 1.234688201403706551e+10 7.557778998596292114e+10 2.168124901335785282e+01
5.011872336273329688e+13 1.197930258596985542e+00 -1.805952831380938373e-01 -1.783295050108814506e+00 2.875663307082535480e-01 2.041187110912187898e-18 1.023016921433847563e-04 2.355583513174238524e-04 8.558974606771048291e-05 1.175518443603253174e+10 7.616948756396745300e+10 2.269130225084564501e+01
5.623413251904180469e+13 1.170143924037862826e+00 -1.571267532424826807e-01 -1.770560388943605901e+00 2.827636196975209515e-01 1.610980340001078807e-18 9.059208192519169027e-05 2.085959773842417414e-04 7.448588785016888915e-05 1.116678199401693344e+10 7.675789000598304749e+10 2.376705295019518616e+01
6.309573444802717188e+13 1.142717179045217524e+00 -1.334089167892290873e-01 -1.757465570528025101e+00 2.775488788710606114e-01 1.269426076532419029e-18 8.009537062629053369e-05 1.844264064219297604e-04 6.466032825501464903e-05 1.058261365901777267e+10 7.734205834098220825e+10 2.491460646111512389e+01
7.079457843842270312e+13 1.115651671376101328e+00 -1.094386928159293698e-01 -1.744066252930580818e+00 2.719113389100491496e-01 9.985126126295720104e-19 7.068927947655862225e-05 1.627680811572138270e-04 5.598046606553609526e-05 1.000362322767882729e+10 7.792104877232115173e+10 2.614093777843918076e+01
7.943282347243828125e+13 1.088947818625514818e+00 -8.521192602179962494e-02 -1.730530446825413904e+00 2.658418689294401172e-01 7.837998521496831150e-19 6.225943529352900656e-05 1.433576476051072793e-04 4.832732284647810081e-05 9.430863217568918228e+09 7.849380878243106079e+10 2.745379717386031970e+01
8.912509381338607812e+13 1.062605302177005218e+00 -6.072372483686735295e-02 -1.716950982287861471e+00 2.593333861830605658e-01 6.138484813978907083e-19 5.470930349179158774e-05 1.259728266682864158e-04 4.159406098964328960e-05 8.865497149809196472e+09 7.905917485019079590e+10 2.886176537713079782e+01
1.000000000000130938e+14 1.036624150113283793e+00 -3.596942392952776762e-02 -1.703062066343209890e+00 2.523815141785644700e-01 4.796630239387190990e-19 4.796630239387818836e-05 1.104464928581885391e-04 3.568357800148143843e-05 8.308697417794979095e+09 7.961597458220500183e+10 3.037459773628692972e+01
1.122018454302112188e+14 1.011005939511374407e+00 -1.094581490868801014e-02 -1.688762627864999644e+00 2.449854438866818362e-01 3.739220759874259279e-19 4.195474697288485775e-05 9.660437496010174411e-05 3.050730630602419965e-05 7.761601456970585823e+09 8.016307054302940369e+10 3.200359106678576637e+01
1.258925411794336094e+14 9.857513856433695043e-01 1.435110055116121074e-02 -1.674300514947196339e+00 2.371478260905324764e-01 2.906857497623090409e-19 3.659516772222602514e-05 8.426348767281451437e-05 2.598560974020131182e-05 7.225418113497387886e+09 8.069925388650259399e+10 3.376154889382689106e+01
1.412537544622946250e+14 9.608602218174963072e-01 3.992633135306313669e-02 -1.659786007333241553e+00 2.288751620652131336e-01 2.252850222529298219e-19 3.182235521734792821e-05 7.327368074742663783e-05 2.204718052969529928e-05 6.701459935981938362e+09 8.122321206401805115e+10 3.566281718085938479e+01
1.584893192461331250e+14 9.363319443792734731e-01 6.578522394410568630e-02 -1.645065355835064524e+00 2.201785036040890542e-01 1.740414807540137486e-19 2.758371580529261972e-05 6.351385282265104004e-05 1.862749219044337325e-05 6.191048690846775055e+09 8.173362330915321350e+10 3.772377999078383226e+01
1.778279410039170000e+14 9.121677453556803483e-01 9.193137451004235183e-02 -1.629855572127099084e+00 2.110747142236228946e-01 1.340176706682953146e-19 2.383208643308399547e-05 5.487540695576484845e-05 1.566776069598298807e-05 5.695432492665358543e+09 8.222923950733462524e+10 3.996357730420150034e+01
1.995262314969160312e+14 8.883687183680895050e-01 1.183683987838539953e-01 -1.614423456978817395e+00 2.015864453411472246e-01 1.028137869139858213e-19 2.051404744887453164e-05 4.723533985275103449e-05 1.311499202577010031e-05 5.215855743040580750e+09 8.270881625695941162e+10 4.240437401110197868e+01
2.238721138568658125e+14 8.649346433013677116e-01 1.451013317818538317e-01 -1.598906113688106201e+00 1.917420870738789085e-01 7.854963924276000924e-20 1.758507377997090416e-05 4.049112874496146479e-05 1.092183031082729817e-05 4.753617644568569183e+09 8.317105435543141174e+10 4.507144948507453819e+01
2.511886431509941875e+14 8.418647216405100719e-01 1.721359407823004339e-01 -1.583311359723809097e+00 1.815763871152114572e-01 5.974386137433702703e-20 1.500697947522080946e-05 3.455484723051104328e-05 9.045680911440493087e-06 4.310002150200896263e+09 8.361466984979908752e+10 4.799392244562419307e+01
2.818382931264864375e+14 8.191594881433801323e-01 1.994764788697066527e-01 -1.567213368880794100e+00 1.711316341955780862e-01 4.523465940943200630e-20 1.274885919811227553e-05 2.935533314225335276e-05 7.447926402121390132e-06 3.886171095773547173e+09 8.403850090422644043e+10 5.120608127358504902e+01
3.162277660168845000e+14 7.968203026561289093e-01 2.271260927952387376e-01 -1.550768225127800548e+00 1.604577522387713451e-01 3.407674136885078831e-20 1.077601179620683512e-05 2.481268412387385228e-05 6.093725970468215850e-06 3.483173179364866257e+09 8.444149882063511658e+10 5.474851701460888620e+01
3.548133892336283125e+14 7.748470551616686297e-01 2.550896172829962838e-01 -1.534218133883379576e+00 1.496112559767096839e-01 2.552660862704310686e-20 9.057182522601540134e-06 2.085493346106851326e-05 4.952035530844661370e-06 3.102021447041398525e+09 8.482265055295858765e+10 5.866855827570421411e+01
3.981071705535571875e+14 7.532388462631313120e-01 2.833729085647551105e-01 -1.517704377543341199e+00 1.386553264261904395e-01 1.900338163420794648e-20 7.565382493343959264e-06 1.741993695197192771e-05 3.995163770518654327e-06 2.743656161173039436e+09 8.518101583882695007e+10 6.302146159205788933e+01
4.466835921510310625e+14 7.319953928193776438e-01 3.119810590032313646e-01 -1.500757435742244850e+00 1.276601114427342587e-01 1.405680529281295975e-20 6.278944282361318470e-06 1.445780350430536881e-05 3.198220259111725387e-06 2.408829525795845985e+09 8.551584247420413208e+10 6.787302570657975309e+01
5.011872336273493750e+14 7.111180334216319343e-01 3.409168525188031595e-01 -1.483305671430125816e+00 1.167026170501366117e-01 1.032614370037810248e-20 5.175331395230982377e-06 1.191664092196293677e-05 2.538859148455020585e-06 2.098066228252698421e+09 8.582660577174728394e+10 7.330278313918239519e+01
5.623413251904365000e+14 6.906068819281038218e-01 3.701845289323928978e-01 -1.465734545611351525e+00 1.058642192411890781e-01 7.526779821440710061e-21 4.232619339205606121e-06 9.745966194773137293e-06 1.997293970536621062e-06 1.811740532176724672e+09 8.611293146782325745e+10 7.940588120449984899e+01
6.309573444802923750e+14 6.704610021150492205e-01 3.997897403455640264e-01 -1.448242874118753853e+00 9.522935892429264249e-02 5.439439060450077973e-21 3.432054025043957748e-06 7.902596436416431611e-06 1.556079904756883618e-06 1.550071511995459318e+09 8.637460048800453186e+10 8.629574225251829489e+01
7.079457843842502500e+14 6.506793174811446034e-01 4.297383580160989980e-01 -1.430495212775729996e+00 8.488432254361479024e-02 3.895378277701594570e-21 2.757716630280825149e-06 6.349877203586400451e-06 1.199768063756814426e-06 1.313032260504025936e+09 8.661163973949595642e+10 9.410966645724377599e+01
7.943282347244088750e+14 6.312627300108918371e-01 4.600331322420176394e-01 -1.412097425862953060e+00 7.491628927937359073e-02 2.762864697089324879e-21 2.194621437621351890e-06 5.053302607032087514e-06 9.146885684913535824e-07 1.100298517078809500e+09 8.682437348292117310e+10 1.030170042047721211e+02
8.912509381338898750e+14 6.122116619612482102e-01 4.906772033852748738e-01 -1.393542542981569987e+00 6.540961197856573484e-02 1.938520098697156393e-21 1.727707856555241435e-06 3.978194355552794286e-06 6.889011444267325538e-07 9.113097573078746796e+08 8.701336224269210815e+10 1.132263996502066874e+02
