7.433098356365769e-51 110.80092415136498 0.05945253 0.02499555 0.53578708 0.86818611 -6.873998250870981 -0.015345060270192399
2.0345094192563668e-40 86.74837356100358 0.11125559 0.02352603 0.44239102 0.08180174 -89.87960952638139 -20.92131462498359
1.4433168499008256e-36 77.86167965332687 0.1560036 0.02382463 0.43407188 0.48666056 -81.3889094845511 -5.3594640764524755
2.9036086663431007e-36 77.81072048964985 0.15400828 0.02052125 0.42379162 0.13774338 -70.16626041575202 -7.695419237574855
4.210786263818597e-35 74.4839238259932 0.12709164 0.02476627 0.56985929 -0.47963988 -72.50294870131248 -5.307771788337371
1.0830928526051511e-32 68.88260250378492 0.1204184 0.02015088 0.55745771 0.93101415 -56.66254849643176 -17.821375329561434
2.465267493610722e-32 68.59724810734235 0.17533815 0.02415337 0.47816597 0.40774491 -60.62736188717987 -8.255240616605048
3.0772392793896685e-31 65.53838649763611 0.21440062 0.02472172 0.48586892 0.3619537 -57.8428236045785 -10.75442450276386
1.0802079174700996e-29 61.941459268199814 0.06782704 0.02076431 0.76529661 -0.99917335 -48.29052752486155 -17.247858972774562
5.395299425008078e-29 60.49826224805627 0.13184544 0.02109303 0.54718725 0.72992548 -58.215653202685964 -3.72580606551385
2.5769586368182424e-28 58.884351031249565 0.12625516 0.02405792 0.62718058 0.98172969 -58.46785819822764 -2.030404049828634
1.4833399708290878e-26 54.64442019316953 0.27051906 0.02231392 0.40136786 0.2988846 -49.07078775233432 -9.813563278915247
6.635487860050831e-26 53.35558622494027 0.09173458 0.02092303 0.72302844 0.06468549 -54.44028262849951 -0.20413756467002267
2.7576772927428057e-25 51.87231815171982 0.09132675 0.02477785 0.88779607 0.77607979 -50.51213532415401 -2.8434509007862583
9.02153775895786e-24 48.18494726770006 0.15153113 0.0238593 0.63773006 -0.37372631 -33.90033999128327 -17.97197816043655
2.1202827029629078e-20 40.37854724509434 0.47488906 0.02467527 0.44448899 -0.60440461 -40.19106000612833 -7.993887261571731
5.429611317449839e-20 39.900404792246135 0.2079109 0.02363967 0.58986956 0.29965218 -23.71869217530083 -16.659855069793505
4.853574272441837e-19 37.277888020480276 0.32221132 0.02387515 0.50207667 -0.37941387 -33.70159144061599 -6.198813351630144
1.2245383880056157e-18 36.71240215849334 0.16876251 0.02045724 0.67794542 -0.17992691 -29.145622136115676 -8.132265884364598
2.6561547987860345e-18 35.8084395116118 0.37312502 0.02438744 0.5095264 0.03309982 -30.941598290359327 -5.770803868134015
5.655050335929242e-18 35.090092988959434 0.40833629 0.02165878 0.41526599 0.43980479 -22.564688855600966 -13.243750656010835
8.541304729417822e-18 34.83411752878732 0.47479846 0.02420632 0.44562358 0.97354606 -34.78177029318105 -0.3083226957783863
1.3002881022697308e-17 34.27169580376326 0.42125152 0.0245793 0.50640041 0.84659981 -23.539274033174184 -11.29484349561313
1.6622345470343e-17 34.2258255902883 0.44127206 0.02026456 0.44153896 -0.81998647 -18.79433643321405 -15.47735937054921
3.262043702975703e-17 33.15642123316818 0.25145063 0.02215141 0.54033807 -0.93681059 -26.944215231768027 -7.2816103585202745
4.929925436929445e-17 33.088204718903164 0.12662477 0.02411176 0.87240385 -0.14524898 -33.115614995181794 -0.04080623798638985
1.1877290442052354e-16 31.765710655057593 0.40794694 0.02098784 0.44561365 0.66599196 -22.749181977026026 -10.339022741877137
3.125340733279733e-16 30.890580804509977 0.29284695 0.02282261 0.52513132 0.40287799 -29.248337237321582 -2.5173734177360103
4.378680826889339e-16 30.866197415104995 0.36073988 0.02300663 0.47808425 -0.36809219 -29.36842303418902 -1.522157770320955
4.904021001506868e-16 30.637282908456925 0.32700385 0.02319803 0.51012204 0.62217461 -28.566018484653064 -2.300178930451931
5.884247360961019e-16 30.45717248425468 0.18076173 0.02168229 0.66139683 0.08340003 -27.35806671881423 -3.279216189642698
6.9708148007558945e-16 30.260342055343564 0.34223395 0.02004172 0.54383831 0.20983404 -30.18769074167449 -0.2694817425801907
7.823804413934446e-16 30.17868610049997 0.34499475 0.02285972 0.48921372 -0.7336707 -21.01276624832499 -9.247575807018572
8.3255212822140965e-16 30.096451080977236 0.26248311 0.02070457 0.57964322 0.50539208 -28.512490671153106 -1.666195429346864
9.884399709500948e-16 29.814004581361637 0.38387867 0.02119947 0.4655202 0.51817415 -26.007729767698674 -4.088721313278561
1.826108903309119e-15 28.97886095629064 0.3216127 0.02293576 0.51683098 0.09534554 -28.223122535005903 -1.5908820463557327
3.277850321664767e-15 28.49325802987025 0.28824171 0.02226081 0.53629662 0.31937031 -26.997250202588162 -1.9816107537024763
4.224974566056394e-15 28.37662167641215 0.28685224 0.02385737 0.59930581 -0.59761897 -28.356236345412423 -0.13702168445782967
4.492083212703934e-15 28.32823237477755 0.16767471 0.02057907 0.75108685 0.95222639 -20.399447131350296 -7.977174545061854
5.232709849939383e-15 28.050436571368685 0.36429779 0.02393711 0.53992782 -0.81993593 -23.42208555464094 -4.906146820136609
7.353362595195004e-15 27.632328315521228 0.47831431 0.02309727 0.88468461 -0.45883188 -19.36588751026204 -8.684549061106646
9.698531728660819e-15 27.42457932186222 0.2381787 0.02363918 0.64988379 -0.95351879 -24.890077917031558 -2.742250398489672
1.0885913894861422e-14 27.352269115876553 0.46753217 0.02149893 0.43027911 0.88478631 -21.22954114450883 -6.195038177353388
1.1748439100717113e-14 27.234623794347748 0.15236761 0.0201538 0.83936474 -0.74801584 -26.710701031835086 -0.6415680840414677
1.322356594402311e-14 27.078716111465184 0.36476136 0.02490499 0.82993228 -0.88286793 -19.005166302656257 -8.229457491691493
1.4843623006641613e-14 26.961255530496935 0.40731217 0.02191513 0.45962813 0.0805485 -7.411474164068627 -19.66724194739656
1.5627533596007958e-14 26.932936108104776 0.3180663 0.02075718 0.54728331 -0.0348306 -26.935270404325372 -0.025985126171562227
2.7759993863967252e-14 25.987799218395615 0.16597409 0.0214881 0.73569005 0.06236495 -23.164735866374667 -3.768200241730108
4.7562704746939676e-14 25.632369856829776 0.32290835 0.02433886 0.63703576 0.87570527 -25.31928964331973 -0.6685095750758856
7.71948106051443e-14 25.035873435692153 0.23525589 0.02114234 0.63590845 -0.07218316 -12.926552685915931 -12.705817170913843
9.871829932416024e-14 25.013351500293574 0.17979396 0.02031082 0.78321526 -0.20735636 -23.21572024600456 -1.8201531896875927
1.1206245815081424e-13 24.758733298418424 0.47531491 0.02434931 0.53500061 0.35577283 -18.11047816413918 -6.902873336154391
1.2933537945828157e-13 24.672725988989924 0.28544976 0.02056721 0.60708082 -0.54706929 -11.938094762738974 -12.82063853567945
1.4719373614919206e-13 24.468959976484317 0.46358976 0.02098795 0.46106622 -0.46796465 -19.685484125845296 -4.987241863144627
1.7026423685221675e-13 24.33597281255987 0.39267608 0.02102124 0.50078279 -0.63778427 -21.952098800752147 -2.5168611757321706
2.9023731572557913e-13 23.52019626237256 0.25130093 0.02444518 0.77298723 0.0050228 -21.978896183562 -2.357076628997871
4.2814837909225517e-13 23.363039585133812 0.3180592 0.02173502 0.54724422 -0.80496759 -9.622467050289691 -13.89772921208287
4.714453189647005e-13 23.28334362332714 0.19008572 0.02346823 0.75920343 -0.18153107 -23.17113248477115 -0.1919071003626641
4.980337441539531e-13 23.213342264072434 0.40148046 0.02070576 0.5161097 -0.67327908 -18.327381515191206 -4.955962108135937
7.186236329867706e-13 22.60137438155436 0.45234374 0.02456585 0.61538377 -0.11138007 -19.13200074860235 -4.081341515470082
1.034891728971241e-12 22.365933856553724 0.23353784 0.02129709 0.65723331 -0.76596437 -7.286302017637681 -15.31507236391668
1.1604343395451802e-12 22.319487124618092 0.4427029 0.02394425 0.83491773 -0.51299399 -21.1310693071755 -1.234864549378221
1.2441035799768614e-12 22.190691747191714 0.32070815 0.02449447 0.72020744 0.94477147 -13.57011518894433 -8.749371935673762
1.5125761933761726e-12 21.905241310834654 0.48417048 0.02458657 0.62012443 0.74496459 -7.722371018647002 -14.468320728544711
2.082565943578971e-12 21.52680392254992 0.45173667 0.02285805 0.87757439 -0.19795595 -6.33981987276104 -15.565421438073614
3.4231250663144325e-12 20.925267393657133 0.28864046 0.02150116 0.59839936 0.62066188 -19.86724924419833 -1.659554678351591
4.476897223652328e-12 20.862307158863473 0.46382948 0.02431337 0.75462257 -0.60924652 -20.28916941061904 -0.6360979830380938
7.734289756007692e-12 19.979871145888062 0.41030897 0.02338282 0.88625391 0.87697347 -8.434243339493461 -12.428063819370013
1.387358762963305e-11 19.518205907033213 0.21075988 0.02413014 0.85708745 -0.40419542 -15.591226048015864 -4.3886450978722
2.096336425364408e-11 19.104380585052695 0.28490007 0.02234442 0.61520746 -0.19728186 -8.996740405013767 -10.521465502019447
2.7458542812433026e-11 18.906100575599396 0.30364989 0.02091059 0.62305301 -0.70765825 -18.855689551173228 -0.24869103387946626
4.463921595598213e-11 18.203908102735763 0.20866766 0.02038047 0.80881918 -0.89829522 -15.997790955252054 -2.9083096203473406
6.833991505964997e-11 17.91474755824088 0.31624571 0.02367311 0.66217445 0.03972027 -11.852162230287762 -6.351745872448001
8.091432026525858e-11 17.808499042575065 0.34148015 0.02394236 0.8909369 0.68579737 -11.457357181902081 -6.457390376338799
8.859394459329726e-11 17.6942381767599 0.38729304 0.02016958 0.62293536 0.73673868 -9.076278228007416 -8.732220814567647
9.495043846061736e-11 17.628140608481736 0.44304933 0.02197721 0.8694414 0.75391593 -9.603389824149055 -8.090848352610845
1.0518268228559061e-10 17.456232674538693 0.37709693 0.02318893 0.5759413 0.1121714 -17.623813516451158 -0.004327092030577314
1.4174152054255197e-10 17.029687872728893 0.15653647 0.02235069 0.85705691 0.28802686 -14.22750131178414 -3.228731362754553
1.8773798123728517e-10 16.82033580815216 0.49362989 0.02040846 0.76135299 0.14958996 -16.771287497542477 -0.2584003751864155
2.238632188827301e-10 16.63568177009327 0.34661681 0.0204018 0.64599234 0.12600329 -10.683630916634621 -6.136704891517538
2.6931953309432037e-10 16.4146776991332 0.4489196 0.02057082 0.80729094 -0.05065501 -10.448151209476258 -6.187530560617015
3.9651025612629616e-10 15.880728358821836 0.41731179 0.02098877 0.55587394 0.98550689 -11.452176373523027 -4.962501325610173
5.103802023407798e-10 15.801296775118775 0.18614751 0.02199722 0.79832398 0.47399721 -13.367868343827979 -2.5128600149938563
6.3205620473606e-10 15.443701175528762 0.33803618 0.02088099 0.62904472 0.77939598 -15.800070057594919 -0.0012267175238560846
7.401539879887641e-10 15.414347297079555 0.25755082 0.02122346 0.70071961 0.00893721 -12.378139659809113 -3.06556151571965
7.429771284839408e-10 15.396347502864067 0.26317965 0.02095581 0.70833735 0.45748349 -13.915099646251694 -1.4992476508278623
7.384670792477946e-10 15.386861020624828 0.37791987 0.02090056 0.89127065 -0.23278422 -12.720286318258605 -2.6760611846054623
7.975949671232428e-10 15.21044184116938 2.45711824e-01 2.33373410e-02 7.56571103e-01 2.63405618e-04 -12.425744737218706 -2.961116283406122
1.1486968627566843e-09 14.679565227575006 0.36058107 0.0207436 0.62819801 0.85093508 -11.109810175098131 -4.10063166607125
1.4456650882773634e-09 14.64166758964963 0.37730417 0.02342753 0.86095002 0.91520173 -10.82982723128224 -3.8497379962927663
1.5975966886212803e-09 14.449004494789946 0.33859131 0.0201871 0.83485738 -0.6701295 -9.960336140791425 -4.681331448858206
2.361180893486236e-09 13.888899225448803 0.3529122 0.02316068 0.63520201 -0.89760307 -6.510621493842143 -7.938383000947803
3.0861350934717636e-09 13.798500968054434 0.46978739 0.02340256 0.57000055 0.30984369 -10.814328748415496 -3.074570477033307
3.3084558146973553e-09 13.710081508568177 0.29439697 0.02290562 0.6808764 0.80987001 -9.281808738566946 -4.516692229487488
3.4093640025781672e-09 13.69689689758613 0.19529711 0.0222198 0.80915463 0.37627767 -11.856751358021267 -1.8533301505469102
3.5247662280930765e-09 13.60592437968345 0.44109234 0.02381177 0.66484197 -0.64739275 -13.602570777259473 -0.09432612032665827
3.9718779786797265e-09 13.424583432154309 0.32795265 0.02034465 0.85802884 -0.74650959 -6.019783524308301 -7.586140855375151
4.2785005446127665e-09 13.40943939938216 0.42095103 0.02278492 0.56751683 0.31294417 -6.792248880608378 -6.632334551545931
4.243101700273272e-09 13.401552539834304 0.3476944 0.02282367 0.62629458 0.49966091 -12.026888169199928 -1.3825512301822314
4.831703333251828e-09 13.128580431229274 0.43421086 0.02374259 0.72144338 -0.99598331 -11.875347310802047 -1.5262052290322565
5.4041761495270155e-09 13.11945132165858 0.4917824 0.02372274 0.68440496 -0.29052145 -6.116929108722396 -7.011651322506878
5.8731935057658496e-09 12.931335226571171 0.49933131 0.02372654 0.62316234 -0.88724549 -6.268497253435773 -6.850954068222807
7.779082436832713e-09 12.545853679284459 0.32851263 0.0205042 0.72662621 -0.55032419 -6.049786907999999 -6.881548318571173
9.095126995203754e-09 12.542211272802941 0.39788623 0.02366404 0.75565315 -0.11878753 -7.116607405384394 -5.429246273900066
9.457241174298834e-09 12.431238404133932 0.3009106 0.02357326 0.89366795 0.75734665 -6.155435940368125 -6.386775332434815
1.0162243906629127e-08 12.357105336124414 0.4395105 0.02274262 0.81210677 0.93663135 -6.73034613156958 -5.700892272564353
1.0373091359518599e-08 12.349203527443239 0.33527636 0.02082916 0.6795147 0.1349278 -11.123213757412428 -1.2338915787119868
1.0342695449484839e-08 12.323518531090336 0.27559027 0.02367491 0.8621767 0.89378037 -8.998294039954164 -3.350909487489074
1.0514538796517357e-08 12.277017036506548 0.32983925 0.02344991 0.71666676 -0.4258197 -5.852023284698466 -6.471495246391871
1.1113201915053124e-08 12.17521299248494 0.32018799 0.02365737 0.80908208 0.66157428 -7.445625469494418 -4.83139156701213
1.1735712147551641e-08 12.126411716394028 0.37233819 0.02039416 0.736552 0.95447461 -5.8401951401715655 -6.335017852313375
1.2284545361583161e-08 12.045247877280833 0.21005557 0.02105765 0.84087759 -0.82590656 -5.880279705216809 -6.246132011177218
1.278961647952387e-08 12.00498206499435 0.41895489 0.02142098 0.83219501 0.62016153 -9.85689598038222 -2.1883518968986126
1.5813120691496032e-08 11.61802687589912 0.49930146 0.02183295 0.76635836 0.89582874 -11.157094707861901 -0.8478873571324487
1.9663619364464908e-08 11.496032471440778 0.19872235 0.02138183 0.85158129 -0.97812266 -11.535351033368576 -0.08267584253054537
2.1481096829257732e-08 11.400192445887706 0.40008551 0.02126988 0.60632971 -0.51841847 -10.533690150950516 -0.9623423204902614
2.213691286304896e-08 11.393995070735603 0.35324439 0.02096602 0.8707402 -0.08659909 -10.07061973377504 -1.3295727121126668
2.2060298735844758e-08 11.367684495595956 0.35031953 0.02077807 0.85399419 -0.88778146 -8.769044957836362 -2.6249501128992407
2.2417794937114262e-08 11.322574436549349 0.49126422 0.02347925 0.68561882 -0.86228709 -7.723096768147203 -3.6445877274487533
2.2557438694271848e-08 11.315164627432097 0.28594696 0.02319005 0.75444193 -0.42431525 -6.290863560993928 -5.031710875555421
2.2202458825487225e-08 11.314679207537335 0.33447734 0.02351171 0.81826731 -0.68052135 -8.080272112695011 -3.2348925147370857
2.3277117799979335e-08 11.185211335563741 0.28042375 0.02153871 0.71526121 0.30842541 -6.056681378247855 -5.257997829289479
2.4384609162444036e-08 11.177936919370538 0.23460431 0.02077705 0.84742954 -0.21777078 -10.637863089891084 -0.5473482456726572
2.537065943563397e-08 11.06926157310768 0.45185754 0.02234713 0.56133405 0.5349703 -7.52734280719122 -3.650594112179319
2.6534801715404426e-08 11.045790695874796 0.37868721 0.02183001 0.87283713 0.10473004 -10.816385534969482 -0.25287603813819765
2.649215811943884e-08 11.032777684486032 0.26872068 0.02067118 0.81604788 0.42534437 -10.960500958957985 -0.08528973691681133
2.698081226402356e-08 10.970556446874665 0.31428753 0.02245158 0.67719591 -0.22506137 -6.733855032858849 -4.2989226516271835
2.8687656708224035e-08 10.871952431431898 0.21614333 0.02153033 0.82061796 -0.25105358 -10.530427025320725 -0.4401294215539407
3.253874095268125e-08 10.685290613623232 0.39907157 0.02342017 0.69687637 -0.9011442 -10.305374981652417 -0.5665774497794821
3.9878770491237925e-08 10.432728432751292 0.36257466 0.02329059 0.81049995 0.19888145 -6.0527943605933485 -4.632496253029884
4.5963782416415813e-08 10.347573669448437 0.42635484 0.02228767 0.8127977 0.02421668 -6.617960476661034 -3.814767956090258
5.679550644595198e-08 9.998426373637951 0.39939376 0.02320757 0.67142946 0.48108665 -10.17827182460874 -0.1693018448396968
7.393553246269671e-08 9.763893395109625 0.44862798 0.02075409 0.66206405 0.40284979 -6.665902234994021 -3.3325241386439313
8.719596363675688e-08 9.620320914359914 0.37193023 0.02190279 0.63590518 0.51065374 -5.977171425375254 -3.7867219697343706
9.226069281528908e-08 9.606268371829199 0.43932651 0.02292386 0.76166536 0.24166887 -9.587855892227868 -0.03246502213204543
9.479149171925883e-08 9.528071648345243 0.32078683 0.0226365 0.70139617 0.42226194 -7.675823033150573 -1.9304453386786258
9.669677996552181e-08 9.525335801380496 0.39105222 0.02085423 0.69106763 0.61909732 -8.62999306706174 -0.8980785812835026
9.51946957801607e-08 9.51978398626302 0.47320009 0.02254881 0.75367013 -0.07180362 -6.314066284621487 -3.2112695167590086
9.43467883749076e-08 9.503681645572055 0.28880452 0.02080761 0.8208037 0.87966293 -8.859005520841311 -0.6607784654217085
9.440919114154716e-08 9.478944487976246 0.28194457 0.02318016 0.81464439 -0.46360864 -6.030424613779191 -3.4732570317928637
9.413173490999399e-08 9.469830570560601 0.30999049 0.02323915 0.84216922 -0.72406211 -6.298495578045125 -3.1804489099311226
9.313093952836332e-08 9.460716795839037 0.405807 0.02078235 0.71929858 -0.40375653 -5.9576878510683855 -3.5121427194922155
9.673715651427068e-08 9.356914816933376 0.48993946 0.02184071 0.74664892 0.33519805 -5.8411806743058765 -3.619536121533161
1.0767461022895237e-07 9.209606593022547 0.49759529 0.02083247 0.63754144 -0.60394779 -9.280957345035795 -0.075957471897581
1.2115804722444488e-07 9.080114539119359 0.24968867 0.02286119 0.82475967 -0.3781718 -5.877327803092042 -3.332278789930506
1.3601918684097e-07 8.939360858915073 0.23196239 0.02306662 0.89535311 -0.37690969 -7.408084627201148 -1.6720299119182107
1.4540853921600857e-07 8.902399313547075 0.48298747 0.02162072 0.57322641 0.6879257 -6.3509509144184095 -2.588409944496663
1.523232129834117e-07 8.808693722668089 0.41084974 0.02101286 0.67046299 0.12549946 -8.525694357970648 -0.3767049555764279
1.5634523219470655e-07 8.8084758399722 0.35396821 0.02093036 0.79172853 -0.71118227 -6.4118734917678655 -2.3968202309002242
1.6073784346106476e-07 8.715817773397507 0.44175396 0.02248232 0.76945443 0.65001617 -6.002904316655533 -2.805571523316667
1.6690938892635182e-07 8.691519871793783 0.38294098 0.02285732 0.6751197 -0.0063902 -8.210766297288462 -0.505051476109045
1.6761375831786296e-07 8.667783395215993 0.30191284 0.02096717 0.86070198 -0.1835854 -7.034825406119006 -1.656694465674777
1.6764127051039004e-07 8.651511702792327 0.44830485 0.02296933 0.72591163 -0.0209951 -6.048566525925571 -2.6192168692904225
1.7031572202421874e-07 8.59719444745031 0.31235344 0.02302706 0.85533526 -0.93051141 -6.521977154955868 -2.129534547836458
1.7323023890483388e-07 8.577332238170337 0.29148376 0.0230156 0.88726659 -0.95756872 -6.200742006255013 -2.3964524411952954
1.7695392221084804e-07 8.515898346500567 0.48112892 0.02271624 0.72178734 -0.2358757 -6.235125822970554 -2.3422064151997826
1.9134063588794325e-07 8.384748772821855 0.4762004 0.02098507 0.66799837 0.57496466 -7.370457579373703 -1.1454407671268643
2.025130380952477e-07 8.358668169017385 0.29257329 0.02136497 0.76359548 -0.00184232 -5.853829524249794 -2.53091924857206
2.0179326701036514e-07 8.352105296245984 0.47009742 0.02302543 0.64775467 0.32889077 -7.344809465027488 -1.0138587039898974
2.035164083778202e-07 8.302657574091912 0.47727829 0.02303283 0.65078329 -0.19055659 -5.963423369277616 -2.3886819269683683
2.0583843334089445e-07 8.289243966670067 0.31312558 0.02286636 0.87137768 0.21871193 -5.878692736403439 -2.423964837688473
2.0527840600965814e-07 8.26856310326593 0.3578729 0.021011 0.77251181 0.52718052 -6.59658461477635 -1.6926593518937183
2.0729455319588793e-07 8.23034961838666 0.34179847 0.023025 0.77703038 -0.16639993 -5.862880057232047 -2.4056830460338827
2.0963660913627495e-07 8.20626807003266 0.364288 0.02104666 0.77771566 -0.17910135 -5.843711319542709 -2.386638298843951
2.1006674794193797e-07 8.186596669589113 0.42540019 0.02293979 0.73232324 -0.5583569 -5.9676528956938295 -2.2386151743388316
2.0960527607599339e-07 8.17102510044797 0.3648774 0.02221505 0.84412909 0.23929305 -6.187515353730753 -1.9990813158583602
2.1104820443520508e-07 8.133560789940601 0.37658288 0.02107474 0.76894326 0.74207963 -8.08113181544554 -0.08989328500243007
2.135530043634177e-07 8.10763993781393 0.3546955 0.0226003 0.69431443 0.05974744 -6.02222385871548 -2.111336931225121
2.1666121927557855e-07 8.065335223760197 0.25610569 0.02296503 0.87843745 0.92623421 -7.311919329338329 -0.7957206084756016
2.2904418312833827e-07 7.959240038120797 0.38891572 0.02251633 0.66154495 0.92678464 -5.955035245702734 -2.110299978057462
2.415973166623006e-07 7.916655693044879 0.42371423 0.02251058 0.634451 -0.6147427 -7.377152601328811 -0.5820874367919848
2.44607957537714e-07 7.894534997732942 0.41471887 0.02146325 0.77261631 0.73681954 -7.347972940503392 -0.5686827525414864
2.443555404716514e-07 7.879052948121009 0.32293097 0.02125621 0.75270548 0.49443471 -7.162097957018078 -0.7324370407148639
2.5112171502950027e-07 7.801736998712574 0.35549359 0.02281556 0.7251483 0.72577078 -6.500572936730427 -1.3784800113905822
2.587526979352364e-07 7.778221805893264 0.43369164 0.02282968 0.65970737 0.75195031 -6.306178553159103 -1.4955584455534714
2.575335711489679e-07 7.771450342046815 0.47722561 0.02283522 0.63007809 0.32189332 -6.229117712769043 -1.549104093124221
2.838019577152023e-07 7.555940639913988 0.2484891 0.02134303 0.85929779 0.49849724 -6.201074535948733 -1.5703758060980817
3.1636648876425685e-07 7.503689540132583 0.43975778 0.02285924 0.68794737 -0.21875607 -6.473026387951178 -1.08291425196281
3.3174636118032196e-07 7.422367024199159 0.21071752 0.022053 0.8974318 -0.31884564 -5.839402674382172 -1.6642868657504106
3.418181776855323e-07 7.402711492647331 0.30750838 0.02214465 0.74426776 0.35675712 -7.419794321794569 -0.0025727024045892693
3.384588621274193e-07 7.4024180005810365 0.43306473 0.02252875 0.7466356 -0.06086213 -7.365996303917508 -0.0367151887298225
3.34908842071469e-07 7.38427683781243 0.33536804 0.02140488 0.73900734 0.85889926 -6.790812882056839 -0.611605118524198
3.3176111190791186e-07 7.381618666339632 0.38224096 0.02243619 0.67740024 0.54343144 -6.490193410444959 -0.894083427367471
3.4521138978711565e-07 7.268389732014763 0.36392826 0.02183436 0.68854803 0.86328833 -6.972323451295516 -0.40929521504411637
3.6542069186437877e-07 7.2254854498561345 0.34674493 0.0226233 0.81931061 0.05859159 -7.186955173211129 -0.0814345588036332
3.793997906712903e-07 7.154501271486739 0.37537706 0.02166217 0.80374908 0.78755259 -6.365438679968642 -0.8600467698874917
3.919708599690106e-07 7.119729044073857 0.22781599 0.02149023 0.89821981 -0.0192831 -6.851945464242301 -0.3025558072444375
4.011789825798679e-07 7.068801746306975 0.3529632 0.02250287 0.71934302 0.02635014 -6.456558574570257 -0.6631704695035997
4.0879851883535144e-07 7.042025207809039 0.40081721 0.02161593 0.67054311 -0.6817939 -6.51784943045766 -0.5509523158493153
4.123086915949878e-07 7.01214070476209 0.39726282 0.0219695 0.78546219 -0.01677654 -6.656224274652606 -0.3858009331564326
4.111400558119495e-07 7.007878024048503 0.27779855 0.02271987 0.87356204 -0.32687309 -7.006114204987083 -0.006026499775007133
4.043720934505376e-07 7.0057289569335985 0.37067683 0.02185817 0.68867863 -0.63484202 -5.850475014277978 -1.1574030097705246
3.983498596907263e-07 6.998295058257725 0.45285341 0.02204924 0.6217662 -0.77461424 -6.943847632317059 -0.06188132461653994
4.004398113888992e-07 6.956089563672685 0.41426749 0.02219078 0.76604916 -0.26131168 -6.996274795722595 -0.0020202625351299353
4.0188465921155877e-07 6.9510475491921735 0.30994973 0.02254931 0.86308119 -0.44506938 -6.887172813113133 -0.06891675055955213
4.0272174299176305e-07 6.9126844050364395 0.25730024 0.02233415 0.83601787 -0.91833892 -6.289029537172252 -0.6620180120199213
4.071491154497058e-07 6.8893433111411735 0.37485798 0.02210059 0.80493777 0.54901614 -6.679491487489158 -0.23319291754728125
4.13362171375022e-07 6.843186240227467 0.39864926 0.02161919 0.76776182 0.44575695 -6.873998250870981 -0.015345060270192399
4.1629362774109364e-07 6.83508845801923 0.30407934 0.02255659 0.86434499 -0.3631149 -6.463583002869794 -0.37960323735767293
4.107598315973167e-07 6.830334551742866 0.49832657 0.02164637 0.60594205 -0.84152926 -6.1547174177259505 -0.68037104029328
4.1179157893291665e-07 6.790849980800168 0.33688916 0.02144514 0.76145584 -0.02709217 -6.500459747276269 -0.3298748044665973
4.1573991157795746e-07 6.7713496147794485 0.35906444 0.02209304 0.81898955 0.60816114 -6.009972049899288 -0.7808779309008798
4.1419858131800447e-07 6.75861883623079 0.32012926 0.0221755 0.74875238 -0.78900833 -6.7587448135506945 -0.012604801228753938
4.1046995237924644e-07 6.749808836726664 0.31397358 0.02148051 0.78502659 -0.68233525 -6.701484124839258 -0.05713471139153176
4.0847747331039835e-07 6.72883606141784 0.40020239 0.02143616 0.738166 0.19753747 -6.06207967274498 -0.687729163981683
4.095396356574415e-07 6.705041321700042 0.42104973 0.02226086 0.65698421 -0.37513528 -5.92338268100892 -0.8054533804089206
4.107772421261104e-07 6.683174027760823 0.41319894 0.02161548 0.74782019 0.06587622 -6.567961238956978 -0.13708008274306405
4.1409278542129663e-07 6.649521651140583 0.27941462 0.02192033 0.80423248 0.86089452 -6.2965094280922465 -0.3866645996685769
4.151783492618773e-07 6.638082147139315 0.36927774 0.02259527 0.74386013 0.44067231 -6.626047303491981 -0.023474347648602886
4.112574894241302e-07 6.628882184695498 0.37342894 0.02202645 0.79898894 -0.0201689 -5.856089273392713 -0.7819928737466021
4.09338152710281e-07 6.60792140849353 0.3313542 0.02148248 0.81142947 0.22419447 -6.6287839807582545 -9.820393724350277e-05
4.086449273688533e-07 6.59261558595906 0.30793765 0.0225718 0.83471143 -0.75213056 -5.925199546549857 -0.6827218619436731
4.065867984321923e-07 6.578406458361401 0.31805455 0.02245865 0.84336148 0.08354587 -5.873143008322629 -0.7194725776364316
4.064819439966659e-07 6.553629176826561 0.35611595 0.02185378 0.81324298 0.53751609 -6.123745505335516 -0.4546609530258846
4.035280206041736e-07 6.553234929359639 0.29773925 0.02245631 0.80339784 0.77147607 -6.48834100507366 -0.06528817175290103
3.9958605324482383e-07 6.533752344255918 0.29917598 0.02206169 0.88890505 0.83579531 -6.103400094269551 -0.44983483509008765
3.9709744961051936e-07 6.526044493782593 0.29099545 0.02190019 0.79328698 -0.78556392 -6.529645578346661 -0.004106765909257066
3.925371099530364e-07 6.517252830584457 0.40850046 0.02152712 0.73242209 -0.87630299 -6.492125857985935 -0.033918635796657694
3.875721147654445e-07 6.511885410817523 0.47898306 0.02230038 0.62398341 -0.65887871 -5.943231082015147 -0.5740217485693103
3.876559966638297e-07 6.4775030838093395 0.46171636 0.02240644 0.64410105 -0.40869041 -6.326125401563648 -0.18576000925387395
3.866487015692995e-07 6.477188273303708 0.46621594 0.02214462 0.70918089 -0.35164295 -6.124624522529516 -0.35287856127982276
3.8318120997648347e-07 6.456026799362363 0.33602694 0.02153131 0.80181818 -0.99963428 -6.440491391725895 -0.036696881577812326
3.8071851732077265e-07 6.450374471975171 0.41419536 0.02230581 0.67383629 -0.34878688 -5.891717467218108 -0.5643093321442554
3.762510436552078e-07 6.44004764331456 0.43722066 0.02247762 0.70813606 0.7299329 -6.257355476387933 -0.1930189955872378
3.747755024001822e-07 6.4187151304390735 0.24172376 0.02212264 0.87495307 0.9453162 -5.945202672495753 -0.494844970818806
3.722628300772235e-07 6.413788787407512 0.33415545 0.02174852 0.75105861 0.04258935 -6.393821648173605 -0.0248934822654685
3.6728484539075307e-07 6.406043694764304 0.28557258 0.02243411 0.8277892 0.29256661 -6.239630916484238 -0.17415787092327414
3.6156152472390134e-07 6.405579535092279 0.49507536 0.02153077 0.65051395 0.50515215 -6.000821759864535 -0.4052219348997695
3.570194199891851e-07 6.391770144673165 0.39027431 0.0218882 0.77168764 0.02628513 -5.840025322242408 -0.5655542128498718
3.5399800079720376e-07 6.3829439063734945 0.27370129 0.0223964 0.84180591 0.20438597 -6.350724111940336 -0.04104603273282921
3.497811035307833e-07 6.3761244912226935 0.35645747 0.02229074 0.80078656 0.20102268 -6.048176188801767 -0.334767717571728
3.44464065685811e-07 6.373963720800672 0.38599433 0.02154601 0.73860132 0.18031656 -6.202916070654059 -0.17320842056863522
3.385861908677404e-07 6.370942532425228 0.43487887 0.02231168 0.72348224 -0.91632184 -5.843099285813415 -0.5308644349872573
3.332026336662866e-07 6.366417047155099 0.42874314 0.02234516 0.66880962 0.97275535 -6.1699136961798935 -0.20102883624533405
3.2763205760155467e-07 6.365051846384327 0.24041442 0.02200408 0.87878426 0.65634993 -6.116585343405442 -0.24983170374965702
3.2580100086864366e-07 6.3382004405452825 0.37111949 0.02247141 0.74191436 -0.75127854 -6.36445318053765 -0.0005986658466770486
3.248767209083553e-07 6.330961404807811 0.44497693 0.02188338 0.64891443 -0.00389256 -5.856695753897833 -0.4815046866474494
3.202547335290219e-07 6.327243677821943 0.27101692 0.02167144 0.84656116 0.88434726 -6.286855765681848 -0.04410563912596278
3.182900171053219e-07 6.303797622602236 0.49099595 0.02204314 0.68624682 0.04782532 -6.040155218027128 -0.28708845979481407
3.1784405644690977e-07 6.290350396959448 0.23619254 0.02203072 0.8905097 -0.28519068 -6.302531842834054 -0.0012657797681812565
3.165869569380921e-07 6.2721557706661635 0.48179286 0.02244732 0.65588744 0.69424998 -6.290078985564566 -0.00027141139488162143
3.1539287472761207e-07 6.258268329788098 0.25131481 0.02163028 0.89353129 -0.23335822 -5.840665671421571 -0.43149009924459225
3.1248657244435583e-07 6.25103056344144 0.42866225 0.02161261 0.68985683 0.51819678 -5.899382254520157 -0.3588860752679409
3.094845773839119e-07 6.237998914454968 0.32695784 0.02239969 0.78363742 -0.01708443 -5.858858989505168 -0.3921715739362721
3.0624607093316605e-07 6.2324292643527315 0.42939217 0.02167438 0.71497266 0.91698594 -5.897343128245583 -0.34065578620938436
3.0217733777204665e-07 6.225148907434167 0.47263143 0.02238685 0.67773269 0.36090485 -5.950168095908085 -0.2822611684446465
2.9815467863963014e-07 6.219621693443066 0.37728943 0.02185173 0.77586969 0.86511183 -5.9071532021161195 -0.3179957053180477
2.9378662358080844e-07 6.215058568796961 0.37860444 0.02172178 0.71863115 0.68563739 -6.1527154401200255 -0.06690625332304055
2.893796810936683e-07 6.210245290098916 0.27541878 0.02177883 0.83739994 0.39498045 -6.004910051135183 -0.21014851766177783
2.859751314893889e-07 6.199147804824742 0.47932011 0.0216772 0.67432549 -0.07841915 -6.072814833851718 -0.13743045624719832
2.8253106332533103e-07 6.194846574241679 0.46948055 0.02183677 0.63919776 -0.26275893 -5.921468928521455 -0.2776788763032867
2.7844034672580727e-07 6.1887166424336755 0.4200855 0.02170714 0.68570674 -0.10736898 -6.115512895261372 -0.07933367898030706
2.747222338322716e-07 6.182129399814231 0.34962677 0.02164648 0.76538542 0.00329065 -5.957426153466548 -0.23129048896712764
2.703279549629449e-07 6.181350008783188 0.27992774 0.02165437 0.85224608 -0.67723864 -5.852454129519161 -0.32967527029506993
2.654722667882097e-07 6.1787766314001145 0.28192407 0.02171078 0.88262283 -0.24190505 -5.8654629055814205 -0.31588710320176727
2.606203509794217e-07 6.178634352202586 0.33357951 0.02234827 0.80859712 0.70498593 -5.952831940619133 -0.2259446907809818
2.5595147512414863e-07 6.175327861384015 0.45835426 0.02190548 0.70352799 0.84965958 -5.923993881336871 -0.2546404708657142
2.519907660221289e-07 6.170223741684714 0.25549669 0.0216548 0.89455165 0.66535273 -6.14433861431914 -0.030989247064874857
2.480395638154312e-07 6.1673265504492 0.45551927 0.02232072 0.69443496 0.58561653 -5.855079970243938 -0.3151437714407757
2.4365335802500483e-07 6.166300079261416 0.42730587 0.02229627 0.67774956 0.27373143 -5.953637772672744 -0.21368877777645587
2.4034333758109507e-07 6.155108499268559 0.47153925 0.02167781 0.65477881 -0.82155168 -5.985953655854407 -0.18034642340700935
2.3721401772968885e-07 6.152876182288109 0.30840066 0.02238041 0.81705015 0.13057908 -5.878423327013724 -0.2766851722548347
2.3301099943330258e-07 6.151256857871304 0.38311976 0.02208898 0.76927924 -0.33155315 -5.845934133105462 -0.3069420491826467
2.3053070461429238e-07 6.134741655377745 0.29361872 0.02214291 0.80929284 0.94506467 -6.140012959018067 -0.011243898853236591
2.2802763089681134e-07 6.133418358950525 0.46555291 0.02167022 0.6655267 0.50357285 -6.099042819691846 -0.035698835685899356
2.252704269290319e-07 6.119514753755988 0.2525448 0.02174564 0.8860641 -0.31750552 -5.844326698521207 -0.2890916604293186
2.2240216995195305e-07 6.1193932981943515 0.40107646 0.02197746 0.69157404 0.62986283 -5.9416427408602965 -0.17787201289569174
2.1832477427484985e-07 6.116918176837575 0.47864065 0.02229422 0.64381089 -0.01838462 -6.115116567878776 -0.004276730315574994
2.1433610099183375e-07 6.1166633203796446 0.48193803 0.02234191 0.66705311 0.2417228 -5.939234076548133 -0.1776841002894418
2.1038514151045172e-07 6.114525029446916 0.37238379 0.02232516 0.73464048 -0.17057151 -5.871802557186031 -0.2448607631936131
2.0686061075187933e-07 6.110849639312805 0.27444444 0.02168502 0.87714591 -0.29709245 -5.894474883208799 -0.22005014623811617
2.033055688908529e-07 6.1095869477244165 0.41544799 0.02233174 0.7196388 0.95511372 -5.845702285111529 -0.26514735420127616
2.0032180176942406e-07 6.100833203890036 0.39832863 0.02182967 0.69991663 0.01370826 -5.879953498756052 -0.22963344896836438
1.9748575811992911e-07 6.098481141976685 0.34111994 0.02195573 0.75146837 -0.19991785 -6.015235634488882 -0.0855975694011541
1.938548465671953e-07 6.098340182247006 0.45948277 0.02229816 0.68817028 -0.3842359 -6.088720051780107 -0.009761090196578632
1.903134930907995e-07 6.095751536366314 0.3778256 0.0218877 0.76976516 0.92513281 -5.9155172701824235 -0.18282291206458312
1.875770623324902e-07 6.087715229938276 0.45484073 0.02210113 0.70256358 0.72558558 -6.05439242746654 -0.041359108899773185
1.848448242942196e-07 6.085477537238496 0.35494551 0.02188294 0.79331565 0.50318401 -6.072160280438271 -0.015554949500004573
1.827484929944872e-07 6.07097298492278 0.41009276 0.02222234 0.69270632 -0.70845276 -6.0410906154709885 -0.044386921767508206
1.8083031592955663e-07 6.066927263209435 0.32551161 0.02171326 0.80496681 -0.21553449 -5.974227220855244 -0.09674576406753602
1.7892337300862157e-07 6.052617788333088 0.28368063 0.02184999 0.83195913 -0.22442797 -5.844605448032563 -0.2223218151768729
1.7672445750568587e-07 6.052002609582572 0.31875018 0.02175392 0.82226479 -0.81190805 -5.9843193322736035 -0.06829845605948474
1.7400334623292864e-07 6.044062703794125 0.36888974 0.02220385 0.73117571 -0.12869495 -5.88470326158723 -0.16729934799534138
1.7136049310907313e-07 6.0429919729965285 0.46944292 0.02193167 0.68884674 0.8744223 -5.9641944839994725 -0.07986821979465225
1.6810190565007212e-07 6.042855382366509 0.41500474 0.02206706 0.73345331 0.17283695 -6.024556691299331 -0.01843528169719744
1.6524629374702004e-07 6.03766011430405 0.3877806 0.02174513 0.72525598 0.46189734 -6.037622888532293 -0.00523249383421665
1.629382023499268e-07 6.031385319506587 0.37151876 0.02230381 0.74666287 0.4455918 -5.859132532042037 -0.17852758226201235
1.609363756135071e-07 6.022787293676584 0.3621426 0.02176281 0.74907728 0.28703911 -5.841052282916424 -0.19033303659016318
1.585258143302601e-07 6.0219450765144655 0.43380038 0.0217689 0.68341108 0.58453121 -5.866485282128545 -0.15630201154803786
1.5607578151929668e-07 6.014347847640785 0.43941402 0.02226445 0.69878739 0.53344993 -5.872955366387278 -0.14898971012718754
1.5386734848907481e-07 6.010830107100602 0.34570451 0.02191478 0.7997351 -0.35488619 -5.873147119432355 -0.14120072820842958
1.5113759762640795e-07 6.010539907132033 0.30671613 0.02187307 0.80229197 0.0024167 -5.984671500612093 -0.02615860648850914
1.488558045101942e-07 6.0016696657678485 0.27254192 0.02175792 0.87405821 -0.39785806 -5.9595259384138695 -0.051013968718163404
1.466674914770365e-07 6.000535344915022 0.44836979 0.0217969 0.67086516 0.82196139 -5.839362979044045 -0.1623066867238035
1.440363919225291e-07 5.998269518204885 0.38299984 0.02176364 0.73431479 0.8155496 -5.882923832448475 -0.11761151246654687
1.415490479590236e-07 5.995769776256026 0.25675793 0.02181232 0.8848242 -0.43653219 -5.842975289538638 -0.15529422866624673
1.3899291705899656e-07 5.995109431019142 0.47244831 0.02205316 0.68462775 -0.36586578 -5.893851910428815 -0.10191786582721096
1.3633565256057886e-07 5.994770634836396 0.40907807 0.02205044 0.69221008 0.18861124 -5.992511281697261 -0.0025981493218813698
1.3429490048493643e-07 5.98568826390804 0.46131067 0.02200659 0.69235562 0.04769655 -5.992581245960296 -0.002189388876099968
1.3241664947837508e-07 5.983315654850521 0.49746086 0.02221628 0.63584837 -0.18555453 -5.985263275360797 -0.00042498854724268997
1.2999026232192952e-07 5.9830693061894795 0.32409716 0.02210622 0.82434854 0.69735006 -5.892277667624488 -0.0910379872260321
1.2757647263609278e-07 5.981198404662008 0.37438085 0.02184439 0.76162245 0.70260472 -5.9655016826842 -0.017567623505280152
1.2542174614679822e-07 5.977534418260611 0.28911926 0.0222586 0.85331148 -0.68730242 -5.908328375127533 -0.07287002953447495
1.2324752164974256e-07 5.976564674994913 0.49786739 0.02226037 0.64868101 0.34626979 -5.843010295521613 -0.13452412273899872
1.209408843823055e-07 5.975714783172847 0.48787323 0.02178265 0.65679151 0.7564843 -5.8400384943696695 -0.1365261806252433
1.1872814529523385e-07 5.973891033400775 0.34067273 0.02185318 0.7663825 0.76603342 -5.842594148450682 -0.133120634722165
1.1651988009350205e-07 5.973657677341067 0.29497683 0.02181892 0.85373331 0.59721027 -5.908134219791041 -0.06575681360973397
1.1448813195422941e-07 5.969471618882119 0.30786883 0.02206172 0.84576777 -0.87422645 -5.878115010700677 -0.09554266664039031
1.1260217702040039e-07 5.967269488209426 0.32651829 0.0222357 0.79079276 -0.04991706 -5.965358463692491 -0.0041131551896285146
1.105527087785579e-07 5.96660254290136 0.32504009 0.02221298 0.78862378 -0.84276889 -5.857331462694593 -0.10993802551483264
1.0843070131832677e-07 5.966426406868509 0.47020989 0.02195565 0.68372491 0.02345511 -5.87860169715175 -0.08800084574961001
1.067957096987424e-07 5.957404662532342 0.49010435 0.02197661 0.66943502 0.76314861 -5.9566417178181705 -0.00978468905033809
1.0524648883947881e-07 5.956026564262235 0.34376094 0.02207987 0.75891811 -0.92798334 -5.952956947056822 -0.004447715475520174
1.0337762141045222e-07 5.953633565812505 0.39906939 0.02204742 0.74178028 0.8760036 -5.94755813009631 -0.00846843416592522
1.015100756557963e-07 5.952880920049818 0.33998185 0.02182034 0.79168263 -0.34358918 -5.951857593521657 -0.0017759722908485234
9.956636441096387e-08 5.952695498721243 0.35279638 0.02181636 0.77630325 0.79448081 -5.858680641838754 -0.09420027821106394
9.763702200775517e-08 5.95241098808611 0.3360819 0.0221214 0.76943086 -0.24645564 -5.854707579722124 -0.09798791899911949
9.57390846071333e-08 5.952350470133156 0.43048448 0.02194465 0.67887978 0.9217596 -5.928113661736295 -0.024297326349815445
9.402157853196428e-08 5.949013132842276 0.37881026 0.02193874 0.72421907 0.70695725 -5.938933973743756 -0.01341649638940041
9.23637196741831e-08 5.948322665177778 0.29247453 0.02186019 0.82989928 -0.88047397 -5.933408263959524 -0.015604868882751937
9.072229330745512e-08 5.945272362552615 0.47495614 0.02221788 0.65659554 0.73550426 -5.887973742270646 -0.06034892290713143
8.9150504738293e-08 5.943669951738696 0.32176664 0.02222765 0.80186311 0.05945031 -5.852744694824421 -0.09252766772819372
8.766601225677849e-08 5.939254793905993 0.35905711 0.02207591 0.74403483 -0.1027302 -5.841783248008986 -0.1018867037297093
8.621406610430666e-08 5.937462495845821 0.49037536 0.02222401 0.65227343 0.78815948 -5.931869511326504 -0.007385282579489685
8.461813873131127e-08 5.9370181751530895 0.40685497 0.02192132 0.70067895 0.48149983 -5.839118144912877 -0.0983443509329436
8.311521518626342e-08 5.933701680552172 0.31943542 0.02213607 0.8237214 -0.31829393 -5.9140063083193635 -0.023011866833725844
8.164571603961895e-08 5.933087123853459 0.39496561 0.02184747 0.73530778 0.04077907 -5.90187004370692 -0.03183163684525274
8.012151033458059e-08 5.931786732591804 0.33812393 0.02185437 0.77513607 0.38738462 -5.862748277565985 -0.07033884628747364
7.86115176376595e-08 5.931533738499448 0.39504201 0.0221635 0.73836832 -0.61248672 -5.86696054833835 -0.06482618425345459
7.720632592246606e-08 5.928257800650396 0.36330587 0.02219558 0.75013287 -0.47412987 -5.882876673827347 -0.048657064672100694
7.587875077466778e-08 5.9266159027494565 0.43294408 0.02193188 0.67981923 0.38967737 -5.855415643767533 -0.07284215688286307
7.451707699270033e-08 5.924869357235261 0.28484102 0.02182991 0.85685665 0.4569251 -5.908265590075444 -0.018350312674012673
7.313007721571896e-08 5.924587076163082 0.41054482 0.02214616 0.72484271 0.51722813 -5.839487609566997 -0.08538174766826379
7.171020987988764e-08 5.924477286684631 0.28720641 0.02220976 0.85319631 0.68480479 -5.886977059853475 -0.03761001630960732
7.031402530840533e-08 5.924305524409953 0.35732324 0.021881 0.75212506 0.22607017 -5.839392603279417 -0.08508468340521447
6.897228745208426e-08 5.9234052126487695 0.4088229 0.02183976 0.71900957 0.27290976 -5.878649888703091 -0.04565563570686194
6.7731968955271e-08 5.920994538686627 0.41641861 0.02218086 0.69972266 0.91405131 -5.846638741543079 -0.0767664711056906
6.654908873219088e-08 5.919036327245215 0.49743873 0.02215051 0.63742731 0.90310014 -5.859847698980261 -0.06114683970636628
6.535975456799779e-08 5.917455262992216 0.47678185 0.02194054 0.64838692 0.34259774 -5.878785523150408 -0.04025080409480677
6.421948086869228e-08 5.914632620490054 0.35961621 0.0219942 0.7453919 -0.09052771 -5.902534707360271 -0.014920555631945134
6.311940747347358e-08 5.912405887753953 0.48335003 0.02218813 0.66096618 0.82572922 -5.913060174246568 -0.00157244624348646
6.19805853731097e-08 5.911440543940985 0.46264751 0.0220859 0.65835759 0.38435172 -5.845613465141079 -0.06679242261287426
6.080401182078531e-08 5.91113127644828 0.46135523 0.02215991 0.6639145 0.64128241 -5.901180135705159 -0.010260408235826047
5.96434345934592e-08 5.910378794383431 0.41641323 0.02219305 0.70647911 0.44655101 -5.864880099832298 -0.046251176615982326
5.857757853193916e-08 5.907591966976614 0.43320555 0.02218748 0.69126776 0.95255308 -5.839618011072923 -0.07076078331050785
5.75180922407697e-08 5.90727654002173 0.26221495 0.02185186 0.89420769 -0.35024282 -5.841308985628464 -0.06628298134815025
5.64572441656335e-08 5.905219614704191 0.47344354 0.02185703 0.66077796 -0.7489665 -5.84047031666208 -0.06680622335964963
5.5454792801123115e-08 5.903501898414131 0.45553277 0.02217283 0.6815983 -0.7440687 -5.842462989904655 -0.0627566247995359
5.4433073731474143e-08 5.902806148653415 0.38060685 0.0220143 0.75472051 -0.87322491 -5.848310389015267 -0.05519150939886452
5.3401865768723306e-08 5.902149145280685 0.38685954 0.02193486 0.74643088 -0.32187488 -5.902729502094063 -7.664655935148657e-05
5.244239876552428e-08 5.899463157671516 0.41537325 0.02216735 0.70334703 -0.30397332 -5.885022319379855 -0.017126825900829944
5.150850798008308e-08 5.898479135885468 0.46915885 0.02217787 0.66773709 0.20171791 -5.848157384589242 -0.051305773082274166
5.0535960334108894e-08 5.897981380603364 0.27704257 0.02208591 0.88246861 -0.3425786 -5.839584395282928 -0.058894740602540865
4.959057535703401e-08 5.896642999127895 0.47238967 0.02206644 0.67624151 -0.82436305 -5.8877171988483115 -0.010264181755052369
4.867172575654991e-08 5.895780906343788 0.33949941 0.0218918 0.79186361 -0.06054603 -5.891546646871395 -0.005096352256500044
4.777171458472024e-08 5.894367182950875 0.42123666 0.022096 0.71476618 0.07341737 -5.856943272061181 -0.03883763428260693
4.688263859555684e-08 5.89374783107293 0.31920658 0.02217183 0.80807667 -0.43097685 -5.8807181334086565 -0.013649049542218768
4.5986647889394994e-08 5.893354544406429 0.36503266 0.02187774 0.75115924 -0.10617983 -5.839278752208838 -0.05446907886409207
4.51289012051566e-08 5.891799592010129 0.49573443 0.02195368 0.63821202 -0.02834574 -5.845532344534847 -0.047822199871581345
4.427995824881426e-08 5.891730089085408 0.38543644 0.02210057 0.74660479 0.39391727 -5.881405817509509 -0.010393774500619898
4.343090134733702e-08 5.890916430905071 0.44928532 0.0221668 0.68288145 0.94738368 -5.876392588126277 -0.015337500959131408
4.260804877119983e-08 5.890380793984428 0.35114442 0.02193881 0.78193944 -0.81242272 -5.839993020211425 -0.05092341069364585
4.180134982774014e-08 5.889540365527623 0.35546876 0.02190701 0.77439425 -0.22148986 -5.874806137776485 -0.015574656207942914
4.100240634234396e-08 5.889371120533567 0.27583531 0.02215874 0.86488673 -0.32180998 -5.859370853854421 -0.03016951167320119
4.023436878997998e-08 5.88775411918097 0.37946313 0.02188569 0.74576561 0.12250019 -5.843886928676078 -0.045484191857488886
3.947773121743214e-08 5.887734870577371 0.43331546 0.02209652 0.70377465 -0.77932595 -5.845125414669631 -0.04262870451133862
3.872729639946366e-08 5.88653334852787 0.43668003 0.02202214 0.70275775 0.28047799 -5.8739003187836945 -0.013834551793677088
3.8002847818436295e-08 5.885896526888296 0.28851749 0.02188514 0.85421273 0.16026009 -5.886522484429932 -1.0864097937881983e-05
3.733951917430344e-08 5.8821491800767625 0.29025687 0.02189636 0.84222499 -0.99105941 -5.84292391756848 -0.04297260931981705
3.667684514810488e-08 5.882101017266117 0.39955468 0.0219517 0.71240691 -0.27062598 -5.846025638467061 -0.03612354160970228
3.5971319693327805e-08 5.881391426371954 0.4920391 0.02205669 0.64102178 -0.86988133 -5.871079670086376 -0.01102134717974099
3.535953416931447e-08 5.876808651283246 0.44669907 0.02190438 0.68738087 0.02604476 -5.878211227656949 -0.0031801987150051818
3.475145492389473e-08 5.876474197872228 0.4220888 0.02214224 0.70040606 0.83402104 -5.8452195389213095 -0.03158911236193618
3.408559747034485e-08 5.875896464073462 0.45281278 0.02211263 0.68537845 -0.71417541 -5.841165441301275 -0.035308756570953295
3.3430816181234284e-08 5.875662510974645 0.33464752 0.02213753 0.78560946 -0.02879284 -5.8556200534842935 -0.020276410589169073
3.277988855851369e-08 5.875617078589457 0.30431815 0.02212063 0.82062334 -0.48540374 -5.843021131844969 -0.032641379129676
3.214281439435604e-08 5.875309780345884 0.34076715 0.02213777 0.77869746 0.99387785 -5.851690711239196 -0.02392636735026051
3.152530812857696e-08 5.8748083978137045 0.29858464 0.02194827 0.82575005 0.04854179 -5.842537756444775 -0.03277202390110837
3.091863231374589e-08 5.874567809829915 0.48683136 0.02196584 0.64589336 0.17175588 -5.862652041915222 -0.012156355898482416
3.032778817603739e-08 5.873792470889511 0.39412455 0.02193033 0.72032428 0.27521127 -5.867635657997916 -0.006932151831999253
2.976132379144876e-08 5.8726721238221655 0.40229242 0.02194944 0.71170233 0.75908199 -5.854790901784667 -0.019001569104844518
2.9206860862929423e-08 5.871799189967531 0.38422958 0.02206744 0.72721222 0.9870784 -5.860907463442169 -0.011764660379996777
2.86543539051793e-08 5.8712632352435135 0.42615155 0.02195897 0.7078352 -0.20982921 -5.866480221234346 -0.005318968733185459
2.810088159851894e-08 5.871202766320428 0.39132084 0.02190544 0.72825897 -0.27113581 -5.8624619693775974 -0.00880126586591577
2.7564692653974793e-08 5.87018873149511 0.47897242 0.02209091 0.65274049 -0.15130051 -5.840190697496236 -0.031012068824191916
2.704267449041866e-08 5.869836380022635 0.46237366 0.02205755 0.68021871 0.24708867 -5.858308282436163 -0.01188044905894599
2.6517276217348443e-08 5.869822849203581 0.28901557 0.02193472 0.8417525 0.51372431 -5.866505234737856 -0.003331145284778963
2.599939475199249e-08 5.869677519315642 0.264641 0.02201274 0.87562844 0.88215374 -5.8526367972295565 -0.01718605197402504
2.5497566504412605e-08 5.869198131924049 0.28363963 0.02196695 0.84724302 0.20049023 -5.869552826436895 -0.00012469287874769189
2.5013920569208284e-08 5.868373424791217 0.38028455 0.02212921 0.74230808 -0.13448206 -5.862548891287875 -0.006649240636174146
2.4537819814381964e-08 5.868026536282966 0.2705576 0.02196657 0.86775889 0.59490279 -5.840191452123614 -0.028181972667603045
2.4063520571417405e-08 5.867805289773763 0.38040154 0.02196521 0.74885436 -0.20420218 -5.8612806279349075 -0.006745908348058409
2.3608866793490374e-08 5.866570993221029 0.26854152 0.0219479 0.87277928 0.48019985 -5.860711172974737 -0.007094116799026036
2.3160647924495558e-08 5.86653510409194 0.25437236 0.02208196 0.89590977 -0.03386455 -5.8542874776840845 -0.012283515536945002
2.2710878849363715e-08 5.866186916967622 0.36697183 0.02191351 0.75336605 -0.85538951 -5.8574649625686455 -0.009070141523295048
2.2270978769350008e-08 5.866049071381951 0.2593622 0.02199201 0.88565454 -0.29596169 -5.839389011655239 -0.026797905312382443
2.1838915736551794e-08 5.865763531107102 0.38106429 0.02191433 0.73928812 -0.75719707 -5.864197387394025 -0.0018516839879257467
2.1413984792066148e-08 5.865742397183367 0.32434072 0.02191778 0.79907503 0.94636737 -5.839380603513497 -0.026382927593604697
2.0997301296965502e-08 5.865458864005407 0.36325338 0.02192021 0.76080619 0.68967356 -5.841053779249602 -0.024688617933765082
2.059134178970183e-08 5.865183609081977 0.43705715 0.02194621 0.69692698 0.60700773 -5.841930240598438 -0.02352862340696962
2.019112971221512e-08 5.8651081942268775 0.44837313 0.02208232 0.6750873 0.92220715 -5.852318835961973 -0.012864773120004122
1.9808698857462102e-08 5.863823180584036 0.47980913 0.02191922 0.65810305 -0.76113385 -5.8559310569026675 -0.009177137324209788
1.9441082883152267e-08 5.862968061845132 0.38873814 0.02207576 0.72510389 0.48942604 -5.839822541338542 -0.024000639245494268
1.90684819654111e-08 5.862921120105521 0.47130843 0.02196973 0.65830566 -0.87203502 -5.855621034807287 -0.007347027037844654
1.870491286365905e-08 5.861864293571065 0.28970009 0.02192246 0.84776114 -0.50131319 -5.8569487018478235 -0.00597241825769772
1.8349315943734694e-08 5.8617034203672755 0.28001164 0.02201891 0.85288116 0.8622419 -5.839382132433669 -0.02248216113739632
1.79919846015413e-08 5.861590909130944 0.32512031 0.02211715 0.80146334 0.06090815 -5.861700630052974 -2.790314301537257e-06
1.764033980548607e-08 5.861574252806949 0.37527883 0.02194263 0.74017018 0.24596889 -5.839291146594622 -0.022299762536322064
1.729499422926428e-08 5.861528065039669 0.45015135 0.02195849 0.67452772 -0.78605809 -5.847430554020766 -0.014143698786182577
1.6961204522054752e-08 5.860946001450113 0.38958416 0.02210799 0.7349914 0.34517261 -5.852587704137491 -0.008940360902177725
1.663721229263134e-08 5.860496292951379 0.361609 0.02211313 0.75781493 -0.51637752 -5.84265328471509 -0.01829271673502292
1.6315706488414223e-08 5.860368017934957 0.30336076 0.02204844 0.83804987 -0.51280669 -5.840001989295531 -0.020494303655848308
1.599701456577265e-08 5.860343268229116 0.45648435 0.0219689 0.66943336 0.77555902 -5.85845704299907 -0.0019109749358867721
1.5684083757564344e-08 5.860274145295278 0.44725428 0.0219377 0.68663394 0.43815344 -5.854172981377087 -0.006170286852028588
1.5383773937103103e-08 5.8594044240109815 0.47639982 0.02196407 0.66745097 0.26598543 -5.844269850841303 -0.016004294453975075
1.5097319187340383e-08 5.85826127370804 0.37909121 0.0221079 0.7401394 -0.5772423 -5.8520124411075924 -0.007391982903389299
1.4811932731716736e-08 5.857967002825303 0.43600436 0.0219346 0.68949656 -0.12676054 -5.840005997350369 -0.018255276357670883
1.4525686101149706e-08 5.857685185456422 0.28522824 0.02208878 0.86072172 -0.42190709 -5.840734579789081 -0.017232423036222112
1.4243803088985599e-08 5.8575549252584285 0.34331554 0.02210744 0.78032212 -0.23785174 -5.846505444191975 -0.01117974126444688
1.3966475635731718e-08 5.85740409360692 0.44935061 0.02206989 0.68714746 0.82862508 -5.839489058248056 -0.018065867010372504
1.3701008572586392e-08 5.85633077692574 0.27371957 0.02209939 0.87601349 -0.43971519 -5.8515232581986245 -0.005880835408295839
1.3441307386050252e-08 5.856072252620163 0.29781367 0.02193771 0.83879982 0.68333848 -5.841439280996516 -0.014891495929223494
1.3180336290497946e-08 5.855938634389473 0.34961767 0.02208989 0.76795692 0.5041885 -5.84007095787597 -0.016001294744192582
1.2926674570190458e-08 5.855333227998707 0.29108896 0.02208867 0.84172786 0.44695847 -5.8443965513488125 -0.011542083040660402
1.2682072178999e-08 5.854540676891312 0.26029569 0.02206759 0.88812325 -0.25721716 -5.844189151641571 -0.01114407635713525
1.2438341497864191e-08 5.854539013169288 0.28302083 0.02196393 0.85248753 -0.81875887 -5.8491886503232084 -0.0053520265681032235
1.219707612607415e-08 5.854110462406608 0.48263084 0.02194389 0.65551074 0.39733965 -5.847111389439721 -0.007427623729566725
1.1961481945975296e-08 5.853942943370073 0.43623478 0.02194102 0.69099877 0.49186011 -5.840423432646041 -0.01368702976056606
1.1727940020510349e-08 5.853940437709292 0.37589711 0.02194526 0.74263436 -0.71600787 -5.839203885938263 -0.014739057431810287
1.1498367978635481e-08 5.853875530871741 0.29696613 0.0219413 0.83778319 -0.12348214 -5.840741417339794 -0.013199020369497485
1.1276113453112988e-08 5.853372196855655 0.32037566 0.02194588 0.80900784 0.51799649 -5.8392387816323215 -0.014636749239419138
1.1058256587121856e-08 5.853288781218203 0.32504181 0.02209576 0.80225675 -0.72841238 -5.84038990186256 -0.012982294993094511
1.0842825574325108e-08 5.853114403162153 0.35774617 0.02206615 0.75788734 0.11082231 -5.839726670290741 -0.01356211092746244
1.0631930990175857e-08 5.852967110966345 0.35338582 0.02197148 0.76275509 0.39621872 -5.848082136528379 -0.005032266633774688
1.0424428408492432e-08 5.85292893023801 0.28217735 0.02199358 0.86700509 -0.39306587 -5.847404194990136 -0.005562915976209054
1.0222341522580257e-08 5.852514432817964 0.37958594 0.02194693 0.73977412 -0.54742674 -5.851280158951227 -0.0016487712867827415
1.0024745631883947e-08 5.852361780198035 0.42596922 0.02202473 0.70592388 0.16850213 -5.839897355189378 -0.012617077628585757
1.0026371029046857e-08 5.852190183650971 0.36255382 0.0219958 0.75208089 -0.72209204 -5.852308809895932 -5.297030210269093e-05
1.0027265714659682e-08 5.8521833143225575 0.32163559 0.02207237 0.80020528 -0.85639672 -5.850806899437374 -0.001383284213597547
1.0029289470581247e-08 5.851786613107876 0.33696598 0.02208567 0.78968732 0.1968533 -5.845702785525562 -0.006480528796994932
1.003140882684174e-08 5.851760686414955 0.43430992 0.02194764 0.69212088 0.37811973 -5.8415973500832115 -0.010189263024664502
1.003740652388571e-08 5.850591528411733 0.37244184 0.022085 0.74603459 0.63272215 -5.839389133821736 -0.01237155259321896
1.0049754808379957e-08 5.849301819538172 0.37084758 0.0219544 0.75018314 0.79763526 -5.840608151594109 -0.009983376817623454
1.0056769721535587e-08 5.849195565722538 0.30840354 0.02200483 0.8285037 -0.46755493 -5.839134189160597 -0.010167630377574776
1.0057472458523952e-08 5.849162067861017 0.44435323 0.02200751 0.67981782 0.50053373 -5.848651721147171 -0.0005438445753670392
1.0059918997602004e-08 5.848709164172835 0.38118306 0.02207703 0.73724924 -0.5739542 -5.848793253585696 -0.00036881427532091854
1.0063087804308402e-08 5.848532137090218 0.37070691 0.02207959 0.74831843 -0.55781497 -5.841023354216711 -0.007685809956123812
1.0067028132710287e-08 5.847926276270056 0.27539382 0.02202162 0.86387832 -0.21009719 -5.840141611624688 -0.008390525465530376
1.0071434887277966e-08 5.847656772326869 0.35884691 0.02203083 0.75699377 -0.85644786 -5.84792008842676 -6.187843295840403e-06
1.0073065366315915e-08 5.847602502185931 0.3359642 0.02196597 0.78552945 -0.43577618 -5.847379680487212 -0.0002770918396575902
1.007386614041432e-08 5.847497787520536 0.39240329 0.02207766 0.73002286 -0.78397496 -5.8407050083874 -0.00689749379853177
1.0075058698200639e-08 5.847365755133186 0.36295625 0.02206599 0.7546341 0.58846604 -5.8396424101597075 -0.007855377360828456
1.0077124469936397e-08 5.847087768149204 0.46862183 0.02197011 0.66481665 -0.66745207 -5.8423682775537635 -0.004997477579422797
1.0079378262419407e-08 5.846918484339805 0.35777802 0.02198707 0.75916561 0.4980813 -5.841206912844915 -0.0058808553042894235
1.0082340445083153e-08 5.846500120184281 0.31994282 0.02203712 0.81244045 -0.04017505 -5.844355653607626 -0.0025628307321792694
1.0086329665425881e-08 5.846127303602937 0.44117318 0.02197294 0.68978823 0.86041292 -5.845807593187519 -0.0006925269967614983
1.008950771973226e-08 5.84587003062213 0.3257603 0.02206507 0.80275175 -0.31127579 -5.840893510072915 -0.005233793530021293
1.0092074418003794e-08 5.845618581936755 0.35635702 0.02197932 0.76800796 0.71962191 -5.841069748814895 -0.0048002818072359205
1.009379155012158e-08 5.845529752540998 0.3244852 0.02197042 0.80302224 -0.2841542 -5.84170893461127 -0.003909647325484895
1.009455861537213e-08 5.845466599200487 0.43408756 0.02205555 0.69616157 -0.55812278 -5.839721233587142 -0.005808518953856891
1.0096196683737735e-08 5.845205250127016 0.45142521 0.02206074 0.67734041 -0.97667433 -5.8424797544427625 -0.002986844757723898
1.0100896393976074e-08 5.844535924471939 0.40304333 0.02204564 0.71583444 0.58140623 -5.8412828646486 -0.003922385478415627
1.0104674130971186e-08 5.844457279170145 0.43173984 0.02206669 0.69468986 -0.47046501 -5.842981983192977 -0.001553941278961638
1.0106194083488233e-08 5.844235116417363 0.47928726 0.02205863 0.6616648 0.69530588 -5.8393061221627525 -0.005151157007392611
1.0109309799210687e-08 5.843840805461701 0.32032739 0.02202668 0.81109125 0.22924456 -5.840709064576766 -0.0035260518405971467
1.0111499654511655e-08 5.843801889469153 0.4815659 0.02204071 0.65495004 0.74530928 -5.843735306668188 -0.00010549879351252812
1.0112308287350586e-08 5.843680871932861 0.43103231 0.02197767 0.69635463 -0.15053021 -5.842787976437956 -0.00101391303119649
1.0113612869870407e-08 5.843543888401388 0.33878119 0.02198044 0.78306718 -0.20411151 -5.8394460353451905 -0.004234836587670636
1.0114685426153207e-08 5.843468778387565 0.32508088 0.02200856 0.79704313 -0.42823776 -5.839845003687754 -0.0036988847136351557
1.011840973612779e-08 5.842807715413729 0.46315731 0.02205387 0.66950522 -0.42892135 -5.84315937296923 -0.00030940541833521874
1.0121956398902643e-08 5.842767760710654 0.33681471 0.0220512 0.78473058 -0.37228788 -5.840096217839292 -0.0027114975744366248
1.01224868287068e-08 5.842702911048961 0.36250134 0.02200749 0.76177619 0.15520385 -5.8404671257071366 -0.0023006350035176854
1.0123918614260813e-08 5.8424848994909215 0.32601599 0.02203085 0.80320596 0.22170121 -5.842333306252165 -0.00036960479679607936
1.0125026108920211e-08 5.842484123388538 0.31119023 0.02201007 0.81508386 0.19282217 -5.84220663605303 -0.0002782634378919151
1.012536423257308e-08 5.842418112010141 0.27926881 0.02199514 0.86689525 -0.45659506 -5.842251134335199 -0.00023298905333935378
1.0126586211216848e-08 5.842242774734108 0.3434678 0.0219957 0.78172678 0.78239303 -5.840958171713769 -0.0014599402963724178
1.012830843326531e-08 5.842078001309745 0.35699343 0.02204838 0.76605063 -0.70953742 -5.840847904123944 -0.0013948706101637547
1.0132176214552866e-08 5.841479246751141 0.34367311 0.02201806 0.78189755 0.60949779 -5.840174726971366 -0.0019032743383789585
1.013603142151838e-08 5.8413170799868395 0.30827511 0.02201501 0.82534611 -0.26285531 -5.841470391271254 -8.85547988719233e-06
1.0137402865236907e-08 5.841208653791502 0.41409423 0.02199977 0.70779963 0.65217254 -5.841258141812882 -5.893817395692915e-05
1.0138366371087495e-08 5.841126998458745 0.27726754 0.02204612 0.86821732 -0.72274054 -5.840241688862538 -0.0009669649289633824
1.0141749108133659e-08 5.8405415350915035 0.45647659 0.02203408 0.6774744 0.27341472 -5.839514504392524 -0.0016124940662217326
1.0148275402306205e-08 5.839840434072701 0.46262887 0.02202365 0.67272081 0.39690135 -5.840072831056429 -0.00046870403507439707
1.0151933095138377e-08 5.839820692046214 0.46765362 0.02200374 0.66827005 0.82287879 -5.839808980049727 -3.1454022973415854e-05
1.0153087883447934e-08 5.839612956535713 0.43678305 0.02201919 0.69209405 0.29663587 -5.839195938823677 -0.0006247532225372584
1.0154300483290526e-08 5.839581832501246 0.31681822 0.02200943 0.8104082 0.74040477 -5.8396114242006565 -1.5323350558800593e-06
